FRAME;ID;X;Y;LOST_COUNT;#PIX;X_SIZE;Y_SIZE;SHAPE;CEPA;TRATAMIENTO
0;0;885;212;0;56;21;18;61704;NL5901;ETANOL
0;1;962;247;0;58;20;19;28684;;
0;2;998;282;0;83;11;11;4415;;
0;3;902;310;0;108;11;12;3703;;
0;4;945;332;0;11;14;9;39374;;
0;5;836;390;0;77;12;11;35223;;
0;6;824;426;0;90;11;13;382;;
0;7;863;534;0;52;14;17;14308;;
0;8;695;581;0;54;10;16;59251;;
0;9;654;602;0;85;8;13;9830;;
0;10;742;650;0;51;7;19;18035;;
0;11;786;670;0;20;19;16;4379;;
0;12;843;706;0;98;21;24;52225;;
0;13;611;827;0;47;4;18;26222;;
0;14;726;816;0;25;12;15;25863;;
0;15;780;803;0;88;8;11;20767;;
0;16;576;898;0;49;8;12;36044;;
0;17;662;960;0;71;16;13;38768;;
3;0;884;212;0;50;20;18;61704;;
3;1;963;248;0;49;21;19;28682;;
3;2;997;281;0;86;11;10;4383;;
3;3;901;310;0;92;11;12;20087;;
3;4;976;337;0;50;24;19;40243;;
3;5;836;389;0;78;12;12;35223;;
3;6;823;426;0;105;11;13;382;;
3;7;865;534;0;81;9;18;9830;;
3;8;694;579;0;67;12;16;26214;;
3;9;655;602;0;80;8;11;4415;;
3;10;742;650;1;51;7;19;18035;;
3;11;776;672;0;28;19;17;4383;;
3;12;847;708;0;91;21;25;52225;;
3;13;611;826;0;57;6;17;9830;;
3;14;726;821;0;13;4;13;17423;;
3;15;781;803;0;91;10;10;20767;;
3;16;576;898;0;52;18;18;6284;;
3;17;662;960;0;66;15;13;4887;;
3;18;542;890;0;65;20;20;34831;;
4;0;876;203;0;67;11;27;62208;;
4;1;962;247;0;50;20;19;28684;;
4;2;998;282;0;85;10;11;4415;;
4;3;901;311;0;87;10;12;26227;;
4;4;944;332;0;21;14;8;6622;;
4;5;839;388;0;77;12;11;35287;;
4;6;824;428;0;91;11;14;382;;
4;7;866;534;0;70;8;17;26222;;
4;8;693;578;0;68;10;14;26487;;
4;9;655;602;0;81;7;12;26214;;
4;10;742;650;2;51;7;19;18035;;
4;11;759;706;0;35;8;12;17479;;
4;12;847;708;1;91;21;25;52225;;
4;13;611;827;0;46;6;16;26214;;
4;14;725;817;0;18;3;14;26127;;
4;15;781;804;0;85;9;10;20767;;
4;16;576;898;0;48;8;12;36044;;
4;17;661;960;0;73;16;13;38704;;
4;18;542;890;0;61;20;20;34827;;
4;19;763;934;0;89;20;18;6348;;
5;0;876;202;0;75;11;28;62208;;
5;1;963;248;0;46;15;18;12557;;
5;2;998;283;0;82;10;10;4383;;
5;3;902;311;0;87;10;12;18295;;
5;4;975;337;0;51;25;16;40243;;
5;5;836;388;0;66;13;12;35223;;
5;6;823;428;0;94;11;12;4078;;
5;7;865;533;0;74;8;16;26214;;
5;8;694;578;0;58;12;13;58983;;
5;9;655;602;1;81;7;12;26214;;
5;10;742;650;3;51;7;19;18035;;
5;11;759;706;1;35;8;12;17479;;
5;12;843;706;0;92;21;24;52225;;
5;13;611;827;0;56;6;18;9830;;
5;14;725;821;0;18;3;13;25614;;
5;15;780;804;0;90;10;11;20767;;
5;16;577;898;0;56;20;20;12428;;
5;17;662;960;0;60;15;10;4403;;
5;18;542;890;1;61;20;20;34827;;
5;19;763;934;1;89;20;18;6348;;
5;20;784;669;0;13;18;15;4377;;
6;0;876;202;0;69;10;28;62208;;
6;1;962;247;0;57;20;19;28680;;
6;2;999;282;0;96;11;11;4383;;
6;3;902;311;0;90;10;12;18291;;
6;4;976;336;0;35;21;21;7443;;
6;5;836;388;0;69;12;12;35223;;
6;6;824;428;0;104;11;14;382;;
6;7;865;533;0;83;7;16;26350;;
6;8;694;578;0;65;12;14;26439;;
6;9;654;602;0;81;7;12;26214;;
6;10;742;650;4;51;7;19;18035;;
6;11;759;706;0;37;8;14;17991;;
6;12;847;708;0;90;21;25;52225;;
6;13;611;827;0;49;4;17;28398;;
6;14;725;818;0;39;10;13;13831;;
6;15;780;805;0;88;9;11;4383;;
6;16;575;897;0;56;17;19;4236;;
6;17;666;960;0;82;16;12;883;;
6;18;542;890;2;61;20;20;34827;;
6;19;763;934;0;78;19;18;6349;;
6;20;786;669;0;10;14;16;4381;;
7;0;885;212;0;57;21;18;28936;;
7;1;963;248;0;50;21;18;28684;;
7;2;998;283;0;86;11;12;9980;;
7;3;902;311;0;84;10;12;20087;;
7;4;976;337;0;51;22;18;40209;;
7;5;835;389;0;74;12;11;35223;;
7;6;824;426;0;99;11;14;382;;
7;7;865;533;0;75;7;15;25151;;
7;8;694;579;0;52;10;15;25447;;
7;9;654;602;0;82;7;12;9830;;
7;10;742;650;5;51;7;19;18035;;
7;11;761;710;0;33;11;11;4383;;
7;12;847;708;0;84;20;24;52225;;
7;13;611;827;0;63;8;17;9830;;
7;14;727;820;0;17;3;13;26126;;
7;15;781;804;0;87;9;10;4383;;
7;16;576;898;0;56;18;20;6284;;
7;17;661;960;0;75;26;22;21272;;
7;18;542;890;3;61;20;20;34827;;
7;19;763;934;1;78;19;18;6349;;
7;20;782;665;0;23;19;17;4383;;
7;21;875;229;0;92;14;35;7;;
8;0;876;202;0;69;10;28;62208;;
8;1;963;248;0;46;15;18;12557;;
8;2;998;281;0;87;11;12;9982;;
8;3;902;311;0;83;9;12;20071;;
8;4;976;336;0;51;10;17;24582;;
8;5;836;388;0;73;11;11;39327;;
8;6;824;426;0;94;11;14;382;;
8;7;865;532;0;70;7;15;25407;;
8;8;695;583;0;63;10;20;26210;;
8;9;654;602;0;81;7;12;26214;;
8;10;742;650;6;51;7;19;18035;;
8;11;772;713;0;26;20;3;36336;;
8;12;847;708;0;92;21;25;52225;;
8;13;611;827;0;43;3;17;26214;;
8;14;726;821;0;34;12;13;28167;;
8;15;780;803;0;86;9;10;21791;;
8;16;576;897;0;54;18;19;4494;;
8;17;662;961;0;66;15;12;4915;;
8;18;542;890;4;61;20;20;34827;;
8;19;764;934;0;84;20;19;6280;;
8;20;782;665;1;23;19;17;4383;;
8;21;875;229;1;92;14;35;7;;
9;0;876;202;0;70;10;28;62208;;
9;1;962;246;0;67;20;20;28684;;
9;2;998;281;0;86;10;11;4383;;
9;3;902;311;0;88;10;12;26483;;
9;4;976;336;1;51;10;17;24582;;
9;5;836;389;0;69;12;11;35287;;
9;6;823;426;0;100;11;13;382;;
9;7;865;533;0;65;7;16;26350;;
9;8;695;585;0;65;9;20;26214;;
9;9;655;603;0;77;7;12;26214;;
9;10;742;650;7;51;7;19;18035;;
9;11;776;715;0;44;16;7;3856;;
9;12;847;708;1;92;21;25;52225;;
9;13;611;827;0;42;3;17;11878;;
9;14;727;821;0;34;11;13;30467;;
9;15;780;804;0;85;9;10;4383;;
9;16;577;898;0;58;20;20;12428;;
9;17;662;960;0;84;17;13;33650;;
9;18;542;890;5;61;20;20;34827;;
9;19;763;934;0;89;19;19;6541;;
9;20;782;665;2;23;19;17;4383;;
9;21;875;229;2;92;14;35;7;;
10;0;885;212;0;55;21;18;28936;;
10;1;962;247;0;56;20;20;28682;;
10;2;998;282;0;91;10;11;4415;;
10;3;902;311;0;88;10;12;20087;;
10;4;976;336;2;51;10;17;24582;;
10;5;838;390;0;66;11;11;6559;;
10;6;824;428;0;101;11;13;382;;
10;7;865;533;0;70;7;16;18158;;
10;8;692;586;0;56;7;20;26230;;
10;9;654;602;0;85;7;12;26214;;
10;10;742;650;8;51;7;19;18035;;
10;11;781;717;0;77;26;19;35057;;
10;12;847;708;0;88;21;24;52225;;
10;13;610;827;0;61;8;16;9830;;
10;14;726;817;0;47;8;13;26119;;
10;15;780;804;0;94;9;11;20767;;
10;16;576;898;0;48;16;20;6284;;
10;17;665;960;0;79;15;12;4883;;
10;18;542;890;0;61;20;20;34827;;
10;19;764;934;0;87;20;19;6280;;
10;20;782;665;3;23;19;17;4383;;
10;21;875;229;0;94;14;35;7;;
11;0;885;212;0;58;21;18;28936;;
11;1;963;248;0;46;13;18;12559;;
11;2;998;282;0;81;11;10;4415;;
11;3;902;311;0;89;10;12;26227;;
11;4;944;332;0;10;13;9;39372;;
11;5;836;390;0;69;10;11;6559;;
11;6;823;426;0;104;11;14;382;;
11;7;865;533;0;71;11;18;9022;;
11;8;693;588;0;58;11;17;30327;;
11;9;655;602;0;79;7;11;4383;;
11;10;742;650;9;51;7;19;18035;;
11;11;781;718;0;74;20;12;3633;;
11;12;843;706;0;95;21;24;52225;;
11;13;611;827;0;44;3;17;28262;;
11;14;725;816;0;60;12;13;63235;;
11;15;780;804;0;92;9;11;12575;;
11;16;576;898;1;48;16;20;6284;;
11;17;662;960;0;72;16;13;38704;;
11;18;542;890;1;61;20;20;34827;;
11;19;756;942;0;74;8;12;3310;;
11;20;783;669;0;28;17;17;4377;;
11;21;875;229;0;94;13;35;7;;
11;22;693;572;0;58;11;17;26231;;
12;0;876;202;0;69;24;28;62208;;
12;1;963;248;0;51;21;25;28865;;
12;2;999;282;0;82;9;11;4383;;
12;3;902;311;0;96;11;12;20087;;
12;4;975;337;0;49;23;18;40209;;
12;5;836;390;0;69;11;12;34975;;
12;6;824;427;0;104;12;14;374;;
12;7;864;534;0;81;12;18;9022;;
12;8;693;588;1;58;11;17;30327;;
12;9;655;602;1;79;7;11;4383;;
12;11;788;720;0;90;19;17;36401;;
12;12;843;706;0;97;21;24;52225;;
12;13;610;827;0;55;5;16;28398;;
12;14;726;816;0;56;15;13;18199;;
12;15;781;804;0;101;10;11;4383;;
12;16;576;898;2;48;16;20;6284;;
12;17;666;961;0;72;16;13;38706;;
12;18;542;890;2;61;20;20;34827;;
12;19;763;934;0;93;20;18;6349;;
12;20;782;665;0;21;8;10;4383;;
12;21;875;229;1;94;13;35;7;;
12;22;691;579;0;58;11;14;29799;;
13;0;885;212;0;58;20;18;61704;;
13;1;963;248;0;50;21;18;28684;;
13;2;997;281;0;82;11;10;4415;;
13;3;902;311;0;91;11;12;20087;;
13;4;975;337;1;49;23;18;40209;;
13;5;836;389;0;73;12;12;35031;;
13;6;824;428;0;96;11;14;382;;
13;7;864;534;0;86;13;17;9078;;
13;8;693;588;2;58;11;17;30327;;
13;9;654;602;0;79;7;12;26214;;
13;11;789;723;0;94;22;14;3171;;
13;12;843;706;0;100;21;24;52225;;
13;13;610;827;0;49;3;16;28398;;
13;14;728;816;0;46;15;12;18199;;
13;15;781;804;0;96;10;11;20767;;
13;16;576;897;0;54;20;19;14472;;
13;17;661;960;0;71;25;22;29464;;
13;18;542;890;3;61;20;20;34827;;
13;19;763;934;1;93;20;18;6349;;
13;20;782;666;0;26;20;17;13081;;
13;21;875;229;0;93;13;35;7;;
13;22;691;578;0;53;10;15;30551;;
14;0;884;212;0;55;20;19;28936;;
14;1;963;248;0;49;21;18;28684;;
14;2;998;282;0;89;11;11;4415;;
14;3;902;311;0;82;10;12;26227;;
14;4;976;337;0;42;21;17;40209;;
14;5;836;388;0;78;12;12;35223;;
14;6;824;428;0;98;11;14;366;;
14;7;865;535;0;86;13;15;4415;;
14;8;693;588;3;58;11;17;30327;;
14;9;654;602;0;83;7;12;9838;;
14;11;798;727;0;90;19;18;50737;;
14;12;843;707;0;93;21;25;52225;;
14;13;611;827;0;70;7;17;26214;;
14;14;727;817;0;63;15;13;20243;;
14;15;781;804;0;93;10;10;20767;;
14;16;576;897;1;54;20;19;14472;;
14;17;663;961;0;73;16;12;6002;;
14;18;542;890;4;61;20;20;34827;;
14;19;764;934;0;79;20;18;6285;;
14;20;782;666;1;26;20;17;13081;;
14;21;875;229;0;97;13;35;7;;
14;22;691;578;0;66;11;17;26215;;
14;23;790;587;0;17;10;8;4383;;
15;0;885;212;0;57;21;18;28936;;
15;1;962;247;0;54;20;19;28684;;
15;2;998;282;0;85;11;11;4415;;
15;3;902;310;0;87;10;12;26227;;
15;4;976;337;1;42;21;17;40209;;
15;5;835;389;0;72;11;12;35223;;
15;6;823;426;0;93;10;14;366;;
15;7;864;535;0;84;13;16;9022;;
15;8;693;588;4;58;11;17;30327;;
15;9;655;603;0;77;7;11;4383;;
15;11;800;732;0;91;19;17;34355;;
15;12;843;706;0;98;21;24;52225;;
15;13;611;827;0;61;4;17;28398;;
15;14;726;816;0;50;12;13;61699;;
15;15;780;804;0;96;10;11;20767;;
15;16;575;897;0;55;17;19;4238;;
15;17;662;960;0;70;17;11;882;;
15;18;542;890;5;61;20;20;34827;;
15;19;764;934;1;79;20;18;6285;;
15;20;782;666;2;26;20;17;13081;;
15;21;874;230;0;90;12;35;7;;
15;22;691;573;0;66;11;16;26215;;
15;23;790;587;1;17;10;8;4383;;
16;0;885;212;0;53;21;18;61704;;
16;1;962;247;0;56;20;19;28684;;
16;2;998;282;0;85;10;11;4383;;
16;3;902;310;0;79;10;12;20087;;
16;4;976;337;2;42;21;17;40209;;
16;5;836;389;0;71;13;14;35031;;
16;6;824;428;0;92;11;12;3566;;
16;7;865;534;0;75;9;17;9070;;
16;8;693;582;0;54;9;17;26231;;
16;9;654;602;0;78;7;11;4383;;
16;11;804;734;0;96;19;18;50801;;
16;12;847;708;0;85;20;24;52225;;
16;13;610;827;0;52;5;19;9830;;
16;14;726;816;0;46;13;13;61699;;
16;15;781;804;0;79;8;10;20767;;
16;16;576;897;0;55;20;20;4232;;
16;17;661;960;0;84;26;22;29464;;
16;18;542;890;0;63;20;20;34827;;
16;19;764;934;2;79;20;18;6285;;
16;20;782;666;0;23;20;16;13081;;
16;21;874;229;0;82;12;35;7;;
16;22;691;573;1;66;11;16;26215;;
16;23;789;587;0;18;11;8;13087;;
17;0;885;212;0;59;21;18;28936;;
17;1;962;247;0;56;20;19;28684;;
17;2;998;282;0;91;11;11;4415;;
17;3;902;311;0;83;11;12;20087;;
17;4;976;336;0;52;9;18;12551;;
17;5;836;388;0;72;12;14;35223;;
17;6;824;426;0;90;10;14;382;;
17;7;865;535;0;69;13;14;4415;;
17;8;691;578;0;65;10;16;26215;;
17;9;654;602;0;73;7;11;4383;;
17;11;806;735;0;99;15;23;50289;;
17;12;847;708;1;85;20;24;52225;;
17;13;611;827;0;54;4;17;19694;;
17;14;728;817;0;56;17;13;20290;;
17;15;781;804;0;101;9;11;4383;;
17;16;576;898;0;56;18;20;6284;;
17;17;667;960;0;66;15;11;4887;;
17;18;542;890;1;63;20;20;34827;;
17;19;764;934;3;79;20;18;6285;;
17;20;785;668;0;15;15;16;12575;;
17;21;874;229;0;83;12;35;7;;
17;22;691;573;2;66;11;16;26215;;
17;23;779;586;0;19;10;11;12575;;
18;0;885;212;0;59;20;18;29448;;
18;1;963;248;0;50;21;18;28684;;
18;2;998;281;0;86;11;9;4383;;
18;3;902;310;0;81;11;12;20087;;
18;4;976;336;1;52;9;18;12551;;
18;5;836;388;0;72;12;12;35287;;
18;6;824;426;0;102;11;13;1382;;
18;7;865;535;0;50;8;11;4383;;
18;8;692;578;0;56;9;15;29783;;
18;9;654;602;0;78;8;12;10086;;
18;11;812;742;0;95;21;15;36403;;
18;12;843;706;0;93;21;24;52225;;
18;13;610;827;0;43;4;16;26214;;
18;14;727;818;0;55;15;13;10007;;
18;15;781;803;0;95;10;11;20767;;
18;16;576;897;0;60;20;19;6280;;
18;17;662;960;0;83;18;13;33587;;
18;18;542;890;2;63;20;20;34827;;
18;19;763;935;0;95;19;19;6349;;
18;20;785;668;1;15;15;16;12575;;
18;21;875;228;0;85;13;35;8323;;
18;22;691;573;3;66;11;16;26215;;
18;23;789;585;0;18;11;12;14734;;
19;0;876;202;0;69;10;28;62208;;
19;1;962;246;0;60;20;20;28684;;
19;2;998;282;0;83;10;11;4383;;
19;3;902;310;0;72;10;12;18291;;
19;4;976;336;2;52;9;18;12551;;
19;5;836;388;0;73;12;12;35287;;
19;6;824;427;0;94;11;13;382;;
19;7;866;535;0;49;8;11;4383;;
19;8;692;576;0;44;10;16;26231;;
19;9;654;603;0;80;7;12;9838;;
19;11;818;746;0;97;25;23;36385;;
19;12;843;706;0;99;21;24;52225;;
19;13;610;827;0;42;3;17;11886;;
19;14;726;816;0;36;13;12;61699;;
19;15;781;804;0;95;10;10;20767;;
19;16;576;898;0;55;19;20;12428;;
19;17;666;960;0;71;16;11;6000;;
19;18;542;890;3;63;20;20;34827;;
19;19;763;935;0;90;19;19;6349;;
19;20;785;668;2;15;15;16;12575;;
19;21;875;228;1;85;13;35;8323;;
19;22;691;573;4;66;11;16;26215;;
19;23;779;591;0;19;12;10;12703;;
19;24;937;308;0;71;21;22;4556;;
20;0;885;212;0;54;20;18;62216;;
20;1;963;247;0;56;21;19;28682;;
20;2;998;281;0;90;11;11;4383;;
20;3;902;311;0;81;11;12;20087;;
20;4;976;337;0;53;9;18;12295;;
20;5;836;388;0;71;11;11;39327;;
20;6;824;427;0;103;11;13;382;;
20;7;866;535;0;52;10;10;4383;;
20;8;694;579;0;69;11;16;19559;;
20;9;654;602;0;86;7;12;9838;;
20;11;820;748;0;109;23;19;57905;;
20;12;847;708;0;90;21;24;52225;;
20;13;611;827;0;50;4;17;28398;;
20;14;726;816;0;43;13;13;61699;;
20;15;781;805;0;96;10;11;20767;;
20;16;576;898;0;58;20;20;6284;;
20;17;662;960;0;82;16;13;38770;;
20;18;542;890;0;62;20;20;34831;;
20;19;763;935;1;90;19;19;6349;;
20;20;782;665;0;34;17;16;4377;;
20;21;875;228;2;85;13;35;8323;;
20;22;691;573;5;66;11;16;26215;;
20;23;779;593;0;16;12;10;12734;;
20;24;937;308;1;71;21;22;4556;;
21;0;885;212;0;54;21;18;28936;;
21;1;962;247;0;57;20;19;28684;;
21;2;998;281;0;88;10;11;4415;;
21;3;902;311;0;90;10;13;18291;;
21;4;976;337;1;53;9;18;12295;;
21;5;838;390;0;75;11;12;35031;;
21;6;824;426;0;93;11;12;3566;;
21;7;866;535;1;52;10;10;4383;;
21;8;694;579;1;69;11;16;19559;;
21;9;655;603;0;75;7;12;1646;;
21;11;820;748;1;109;23;19;57905;;
21;12;844;706;0;103;21;24;52225;;
21;13;611;827;0;59;5;16;28262;;
21;14;725;817;0;52;12;12;61443;;
21;15;781;804;0;91;9;11;20767;;
21;16;576;897;0;56;19;19;4492;;
21;17;666;961;0;71;10;12;9838;;
21;18;542;890;1;62;20;20;34831;;
21;19;763;935;2;90;19;19;6349;;
21;20;782;665;1;34;17;16;4377;;
21;21;875;228;0;81;13;35;8323;;
21;22;692;572;0;74;10;17;50279;;
21;23;789;585;0;10;10;11;4383;;
21;24;937;308;2;71;21;22;4556;;
21;25;696;588;0;74;10;17;50279;;
22;0;876;202;0;67;10;28;62208;;
22;1;963;248;0;52;21;18;28684;;
22;2;998;281;0;88;10;11;4383;;
22;3;902;312;0;80;10;11;279;;
22;4;975;337;0;42;22;18;7441;;
22;5;840;388;0;69;12;13;34975;;
22;6;824;426;0;102;11;14;366;;
22;7;866;535;2;52;10;10;4383;;
22;8;694;579;0;49;11;16;52839;;
22;9;654;602;0;81;7;12;26214;;
22;11;820;748;2;109;23;19;57905;;
22;12;844;706;0;88;21;24;52225;;
22;13;611;828;0;50;4;17;20206;;
22;14;726;816;0;49;13;12;61699;;
22;15;780;803;0;91;9;11;12575;;
22;16;576;897;0;55;19;19;4236;;
22;17;666;961;0;65;9;12;26348;;
22;18;542;890;0;65;20;20;34827;;
22;19;763;934;0;93;19;18;6349;;
22;20;782;665;2;34;17;16;4377;;
22;21;875;228;1;81;13;35;8323;;
22;22;692;572;1;74;10;17;50279;;
22;23;789;585;1;10;10;11;4383;;
22;24;937;308;3;71;21;22;4556;;
22;25;696;588;1;74;10;17;50279;;
23;0;877;202;0;73;11;28;62208;;
23;1;963;247;0;57;21;19;28680;;
23;2;998;282;0;93;11;11;4383;;
23;3;902;311;0;84;10;11;4407;;
23;4;976;337;0;51;22;18;7443;;
23;5;836;389;0;75;12;12;35223;;
23;6;824;426;0;100;11;14;366;;
23;7;865;538;0;19;12;14;4383;;
23;8;694;579;0;52;12;15;25623;;
23;9;654;602;0;78;8;14;4983;;
23;11;820;748;3;109;23;19;57905;;
23;12;847;708;0;80;21;24;52225;;
23;13;611;827;0;55;8;17;26214;;
23;14;727;819;0;39;13;12;62227;;
23;15;780;803;1;91;9;11;12575;;
23;16;575;897;0;56;17;19;4236;;
23;17;662;960;0;70;17;13;33587;;
23;18;542;890;1;65;20;20;34827;;
23;19;764;934;0;83;19;19;6543;;
23;20;786;670;0;22;19;16;4383;;
23;21;875;228;2;81;13;35;8323;;
23;22;692;572;2;74;10;17;50279;;
23;23;790;585;0;24;9;17;30540;;
23;24;937;308;4;71;21;22;4556;;
23;25;696;588;2;74;10;17;50279;;
24;0;885;212;0;53;20;18;62216;;
24;1;963;248;0;48;21;24;28865;;
24;2;998;282;0;91;11;11;4415;;
24;3;902;311;0;80;10;12;18035;;
24;4;976;337;0;53;23;18;7441;;
24;5;840;388;0;75;12;12;35223;;
24;6;824;426;0;98;10;14;382;;
24;7;866;539;0;24;12;15;4383;;
24;8;694;579;1;52;12;15;25623;;
24;9;654;603;0;76;7;11;4383;;
24;11;820;748;4;109;23;19;57905;;
24;12;843;706;0;99;21;24;52225;;
24;13;611;827;0;61;3;18;26222;;
24;14;727;819;0;54;16;12;28450;;
24;15;780;804;0;97;10;10;20767;;
24;16;575;898;0;60;9;12;36044;;
24;17;667;961;0;70;17;12;883;;
24;18;542;890;0;63;20;20;34827;;
24;19;763;934;0;93;20;18;6348;;
24;20;782;666;0;13;15;16;4381;;
24;21;874;227;0;72;12;34;8323;;
24;22;692;574;0;57;10;15;17423;;
24;23;790;585;1;24;9;17;30540;;
24;24;937;308;5;71;21;22;4556;;
24;25;696;588;3;74;10;17;50279;;
24;26;795;859;0;32;6;14;51342;;
25;0;885;212;0;59;20;18;62216;;
25;1;963;247;0;55;21;19;28684;;
25;2;998;281;0;92;12;12;2046;;
25;3;902;311;0;85;10;12;26227;;
25;4;976;337;0;56;9;17;12295;;
25;5;836;388;0;68;10;12;35287;;
25;6;823;426;0;94;10;14;382;;
25;7;866;535;0;24;12;10;4575;;
25;8;694;579;0;52;10;16;50278;;
25;9;655;602;0;85;8;12;9830;;
25;11;820;748;5;109;23;19;57905;;
25;12;843;706;0;101;21;24;52225;;
25;13;611;827;0;54;6;17;26222;;
25;14;727;818;0;49;15;12;13075;;
25;15;780;804;1;97;10;10;20767;;
25;16;576;897;0;57;20;19;6280;;
25;17;662;961;0;77;16;12;38770;;
25;18;542;890;0;63;20;20;34831;;
25;19;756;942;0;70;7;12;36078;;
25;20;782;666;1;13;15;16;4381;;
25;21;875;229;0;87;13;35;7;;
25;22;692;574;1;57;10;15;17423;;
25;23;790;585;2;24;9;17;30540;;
25;24;937;308;6;71;21;22;4556;;
25;25;696;588;4;74;10;17;50279;;
25;26;795;859;1;32;6;14;51342;;
26;0;885;212;0;61;21;19;28936;;
26;1;963;248;0;46;21;18;28680;;
26;2;998;282;0;81;10;10;4415;;
26;3;902;311;0;81;11;12;52839;;
26;4;976;337;1;56;9;17;12295;;
26;5;836;389;0;72;13;12;35031;;
26;6;823;426;0;105;11;14;382;;
26;7;866;535;1;24;12;10;4575;;
26;8;694;579;1;52;10;16;50278;;
26;9;655;602;0;74;7;11;4383;;
26;11;820;748;6;109;23;19;57905;;
26;12;843;706;0;95;21;24;52225;;
26;13;611;827;0;51;4;17;26222;;
26;14;727;818;0;49;15;11;3863;;
26;15;781;805;0;78;8;11;4383;;
26;16;576;898;0;49;17;20;6280;;
26;17;667;961;0;72;15;12;4403;;
26;18;542;890;0;62;20;20;34831;;
26;19;756;942;1;70;7;12;36078;;
26;20;782;666;2;13;15;16;4381;;
26;21;875;229;0;91;13;35;7;;
26;22;692;575;0;47;9;16;20070;;
26;23;790;585;3;24;9;17;30540;;
26;24;937;308;7;71;21;22;4556;;
26;25;696;588;5;74;10;17;50279;;
26;26;795;859;0;53;5;12;52430;;
27;0;885;212;0;56;21;18;28936;;
27;1;962;246;0;61;20;20;28684;;
27;2;998;282;0;92;11;11;4383;;
27;3;902;311;0;78;11;12;20087;;
27;4;975;337;0;44;22;18;56593;;
27;5;836;388;0;76;12;12;35223;;
27;6;823;426;0;100;11;14;382;;
27;7;865;539;0;56;11;15;4383;;
27;8;694;581;0;54;11;16;19575;;
27;9;655;603;0;79;8;11;4415;;
27;11;820;748;7;109;23;19;57905;;
27;12;843;706;1;95;21;24;52225;;
27;13;610;827;0;49;4;17;28398;;
27;14;726;819;0;32;12;11;65283;;
27;15;781;805;1;78;8;11;4383;;
27;16;576;898;0;50;16;20;6284;;
27;17;662;961;0;80;16;13;37746;;
27;18;542;890;1;62;20;20;34831;;
27;19;763;934;0;84;20;18;6284;;
27;20;786;669;0;21;18;16;4383;;
27;21;874;229;0;83;13;35;8199;;
27;22;692;575;1;47;9;16;20070;;
27;23;790;585;4;24;9;17;30540;;
27;24;937;308;8;71;21;22;4556;;
27;25;696;588;6;74;10;17;50279;;
27;26;795;859;1;53;5;12;52430;;
28;0;885;212;0;54;20;18;29448;;
28;1;963;247;0;60;21;19;28684;;
28;2;998;281;0;89;10;11;4383;;
28;3;902;311;0;89;9;12;52855;;
28;4;976;337;0;48;20;19;56593;;
28;5;836;389;0;77;13;12;35223;;
28;6;823;426;0;93;11;14;382;;
28;7;865;539;0;51;12;7;2544;;
28;8;694;582;0;65;10;16;20087;;
28;9;655;603;0;77;7;12;26214;;
28;11;820;748;8;109;23;19;57905;;
28;12;843;706;0;85;20;24;52225;;
28;13;611;827;0;45;4;17;28398;;
28;14;726;818;0;38;11;11;4383;;
28;15;780;804;0;94;9;11;4383;;
28;16;575;898;0;62;9;12;36044;;
28;17;662;961;0;68;16;12;38768;;
28;18;542;890;0;63;20;20;34831;;
28;19;764;934;0;76;19;18;6349;;
28;20;786;669;1;21;18;16;4383;;
28;21;874;229;0;84;13;35;8199;;
28;22;692;575;2;47;9;16;20070;;
28;23;790;585;5;24;9;17;30540;;
28;24;937;308;9;71;21;22;4556;;
28;25;696;588;7;74;10;17;50279;;
28;26;795;859;0;38;6;14;59534;;
29;0;885;212;0;57;21;18;61704;;
29;1;963;248;0;48;17;18;12303;;
29;2;998;282;0;85;12;10;10100;;
29;3;902;311;0;93;11;12;52967;;
29;4;976;337;1;48;20;19;56593;;
29;5;836;390;0;74;11;11;4447;;
29;6;824;427;0;106;11;14;334;;
29;7;865;539;1;51;12;7;2544;;
29;8;695;584;0;65;11;17;18039;;
29;9;654;602;0;77;7;12;9830;;
29;11;820;748;9;109;23;19;57905;;
29;12;843;706;1;85;20;24;52225;;
29;13;611;827;0;51;3;16;28398;;
29;14;727;822;0;45;15;12;13075;;
29;15;781;802;0;101;10;10;4383;;
29;16;576;898;0;59;19;20;4236;;
29;17;667;960;0;74;17;12;882;;
29;18;542;890;1;63;20;20;34831;;
29;19;764;934;1;76;19;18;6349;;
29;20;782;665;0;44;11;10;4383;;
29;21;874;229;0;87;13;35;8199;;
29;22;692;575;3;47;9;16;20070;;
29;23;790;585;6;24;9;17;30540;;
29;25;696;588;8;74;10;17;50279;;
29;26;795;859;1;38;6;14;59534;;
30;0;885;212;0;57;20;18;62216;;
30;1;963;246;0;65;21;20;28684;;
30;2;999;282;0;84;11;10;4383;;
30;3;902;311;0;88;10;12;18035;;
30;4;976;337;0;58;22;18;7441;;
30;5;836;388;0;70;11;12;34975;;
30;6;824;428;0;102;11;14;382;;
30;7;865;539;2;51;12;7;2544;;
30;8;695;584;1;65;11;17;18039;;
30;9;654;602;0;87;7;13;10086;;
30;12;843;706;0;95;21;24;52225;;
30;13;610;827;0;42;4;15;26222;;
30;14;727;822;0;29;11;12;61955;;
30;15;780;803;0;88;8;11;20767;;
30;16;576;897;0;57;19;19;4492;;
30;17;667;961;0;70;17;13;37747;;
30;18;542;890;2;63;20;20;34831;;
30;19;763;934;0;92;19;19;6349;;
30;20;781;666;0;15;15;16;12575;;
30;21;874;228;0;79;12;35;8327;;
30;22;692;575;4;47;9;16;20070;;
30;23;790;585;7;24;9;17;30540;;
30;25;696;588;9;74;10;17;50279;;
30;26;795;859;2;38;6;14;59534;;
31;0;876;202;0;70;11;28;62208;;
31;1;962;246;0;63;20;20;28684;;
31;2;998;283;0;86;10;11;4383;;
31;3;902;311;0;92;11;12;52855;;
31;4;976;337;0;42;7;18;12567;;
31;5;840;388;0;63;10;11;39327;;
31;6;824;427;0;100;11;12;462;;
31;7;865;538;0;54;12;7;6640;;
31;8;695;584;2;65;11;17;18039;;
31;9;654;602;0;78;7;11;4383;;
31;12;843;706;0;104;21;24;52225;;
31;13;611;828;0;47;4;18;26222;;
31;14;727;822;0;19;5;12;26214;;
31;15;781;804;0;93;9;11;4383;;
31;16;576;898;0;53;20;20;4236;;
31;17;667;961;0;67;9;12;30438;;
31;18;542;890;3;63;20;20;34831;;
31;19;763;934;1;92;19;19;6349;;
31;20;784;667;0;39;18;16;4383;;
31;21;874;228;1;79;12;35;8327;;
31;22;692;575;5;47;9;16;20070;;
31;23;790;585;8;24;9;17;30540;;
31;26;795;859;3;38;6;14;59534;;
31;27;673;217;0;17;16;16;65280;;
32;0;876;202;0;70;10;28;62208;;
32;1;962;247;0;56;20;19;28684;;
32;2;998;281;0;86;10;11;4383;;
32;3;902;310;0;85;10;12;20087;;
32;4;976;337;1;42;7;18;12567;;
32;5;839;390;0;78;12;12;35287;;
32;6;824;427;0;106;11;14;382;;
32;7;865;537;0;43;12;5;7664;;
32;8;695;584;0;62;12;15;16503;;
32;9;655;602;0;80;7;11;4383;;
32;12;843;707;0;96;21;24;52225;;
32;13;611;827;0;56;7;17;9830;;
32;14;727;822;0;38;10;12;30498;;
32;15;781;804;0;92;9;11;12575;;
32;16;576;898;0;50;16;20;6284;;
32;17;665;961;0;56;14;12;4883;;
32;18;542;890;4;63;20;20;34831;;
32;19;764;934;0;87;18;19;6287;;
32;20;782;666;0;13;15;16;4383;;
32;21;874;228;2;79;12;35;8327;;
32;22;692;575;6;47;9;16;20070;;
32;23;790;585;9;24;9;17;30540;;
32;26;795;859;4;38;6;14;59534;;
32;27;673;217;1;17;16;16;65280;;
33;0;876;202;0;63;10;28;62208;;
33;1;962;246;0;64;20;20;28684;;
33;2;998;281;0;84;10;10;4383;;
33;3;902;310;0;80;10;12;18035;;
33;4;976;337;2;42;7;18;12567;;
33;5;840;388;0;73;11;12;34967;;
33;6;823;428;0;104;11;12;3566;;
33;7;867;535;0;23;9;15;4383;;
33;8;695;584;1;62;12;15;16503;;
33;9;655;603;0;77;7;11;4383;;
33;12;843;707;1;96;21;24;52225;;
33;13;611;827;0;54;8;17;26214;;
33;14;727;822;1;38;10;12;30498;;
33;15;780;805;0;96;10;11;20767;;
33;16;575;897;0;55;17;19;4236;;
33;17;662;961;0;79;17;12;38706;;
33;18;542;890;5;63;20;20;34831;;
33;19;764;934;1;87;18;19;6287;;
33;20;780;672;0;17;20;16;13081;;
33;21;874;228;3;79;12;35;8327;;
33;22;689;577;0;64;12;16;17527;;
33;26;795;859;5;38;6;14;59534;;
33;27;673;217;2;17;16;16;65280;;
34;0;885;212;0;52;21;18;61704;;
34;1;963;248;0;45;21;18;28684;;
34;2;998;282;0;85;10;11;4415;;
34;3;902;310;0;81;10;12;20087;;
34;4;976;337;3;42;7;18;12567;;
34;5;836;390;0;82;13;12;35287;;
34;6;824;426;0;94;11;14;382;;
34;7;867;535;1;23;9;15;4383;;
34;8;694;581;0;52;12;16;18039;;
34;9;654;602;0;83;7;12;26214;;
34;12;847;708;0;101;21;25;52225;;
34;13;611;827;0;53;5;19;9830;;
34;14;727;819;0;38;7;12;58894;;
34;15;780;804;0;91;9;10;20767;;
34;16;576;898;0;50;18;20;6280;;
34;17;661;959;0;76;26;21;29464;;
34;18;542;890;0;60;20;20;34827;;
34;19;763;934;0;88;19;18;6348;;
34;20;781;666;0;16;15;16;12575;;
34;21;874;229;0;84;12;35;7;;
34;22;689;577;1;64;12;16;17527;;
34;26;795;859;6;38;6;14;59534;;
34;27;673;217;3;17;16;16;65280;;
35;0;885;212;0;56;21;18;28936;;
35;1;963;248;0;51;21;18;28684;;
35;2;998;282;0;86;11;10;4383;;
35;3;902;310;0;86;10;12;18035;;
35;4;976;337;0;37;7;17;12567;;
35;5;839;389;0;66;10;12;35287;;
35;6;824;427;0;101;10;14;382;;
35;7;866;534;0;31;10;15;4383;;
35;8;694;582;0;65;12;16;18039;;
35;9;655;603;0;74;7;11;4383;;
35;12;843;706;0;107;21;24;52225;;
35;13;611;827;0;50;5;17;26214;;
35;14;726;822;0;26;6;12;25602;;
35;15;780;804;0;93;9;11;4383;;
35;16;576;898;0;54;20;18;6284;;
35;17;666;961;0;58;15;13;37175;;
35;18;542;890;0;61;20;20;34823;;
35;19;763;934;1;88;19;18;6348;;
35;20;781;666;1;16;15;16;12575;;
35;21;875;228;0;84;13;35;8327;;
35;22;689;577;2;64;12;16;17527;;
35;26;795;859;7;38;6;14;59534;;
35;27;673;217;4;17;16;16;65280;;
36;0;877;202;0;83;12;28;62208;;
36;1;963;248;0;51;15;18;12301;;
36;2;998;282;0;96;11;11;4383;;
36;3;902;311;0;90;11;12;52983;;
36;4;976;337;0;50;22;17;7441;;
36;5;835;389;0;78;12;11;35223;;
36;6;824;426;0;99;11;14;382;;
36;7;866;538;0;41;13;14;4383;;
36;8;695;584;0;68;10;17;17511;;
36;9;654;603;0;82;8;12;10086;;
36;12;847;708;0;97;21;25;52225;;
36;13;611;827;0;54;5;16;28398;;
36;14;726;822;1;26;6;12;25602;;
36;15;780;804;0;100;10;10;4383;;
36;16;576;898;0;49;9;12;36044;;
36;17;662;960;0;80;16;13;37682;;
36;18;542;890;1;61;20;20;34823;;
36;19;763;934;0;95;20;18;6348;;
36;20;781;666;2;16;15;16;12575;;
36;21;875;228;1;84;13;35;8327;;
36;22;689;577;3;64;12;16;17527;;
36;26;795;859;8;38;6;14;59534;;
36;27;673;217;5;17;16;16;65280;;
37;0;884;212;0;54;20;18;61704;;
37;1;963;248;0;49;16;18;12303;;
37;2;998;282;0;90;10;11;4383;;
37;3;902;311;0;88;10;12;18035;;
37;4;976;337;0;52;24;19;40243;;
37;5;840;390;0;69;11;11;6559;;
37;6;823;426;0;90;10;12;3534;;
37;7;866;534;0;40;9;11;4383;;
37;8;696;584;0;61;11;12;375;;
37;9;655;603;0;71;7;11;4383;;
37;12;844;707;0;84;21;24;52225;;
37;13;611;827;0;49;7;17;9830;;
37;14;726;822;2;26;6;12;25602;;
37;15;780;804;0;90;9;11;21791;;
37;16;576;898;0;48;7;12;36044;;
37;17;662;961;0;57;15;12;4915;;
37;18;542;890;0;66;20;20;34831;;
37;19;756;942;0;73;7;12;36078;;
37;20;781;666;3;16;15;16;12575;;
37;21;874;230;0;90;12;35;7;;
37;22;689;577;4;64;12;16;17527;;
37;26;795;859;9;38;6;14;59534;;
37;27;673;217;6;17;16;16;65280;;
38;0;876;202;0;70;11;28;62208;;
38;1;963;248;0;47;21;18;28684;;
38;2;998;282;0;86;10;11;4383;;
38;3;902;312;0;87;10;12;18035;;
38;4;945;332;0;39;16;8;3554;;
38;5;836;389;0;70;13;14;35223;;
38;6;824;427;0;100;11;14;382;;
38;7;866;534;0;85;12;13;6012;;
38;8;695;582;0;76;10;16;18038;;
38;9;655;602;0;75;7;11;4415;;
38;12;843;706;0;98;21;24;52225;;
38;13;611;827;0;54;8;17;9830;;
38;14;725;822;0;14;12;12;13859;;
38;15;781;804;0;100;10;10;4383;;
38;16;576;898;0;64;20;20;6280;;
38;17;662;960;0;75;17;13;33587;;
38;18;542;890;0;66;20;20;34831;;
38;19;756;942;0;77;7;12;36078;;
38;20;781;666;4;16;15;16;12575;;
38;21;874;230;1;90;12;35;7;;
38;22;689;577;5;64;12;16;17527;;
38;27;673;217;7;17;16;16;65280;;
39;0;885;212;0;54;21;18;61704;;
39;1;963;248;0;46;21;18;28684;;
39;2;998;282;0;84;10;11;4383;;
39;3;902;312;0;80;9;12;26483;;
39;4;976;337;0;43;22;17;7441;;
39;5;840;388;0;74;12;12;35223;;
39;6;824;426;0;97;12;11;5990;;
39;7;866;534;0;92;14;13;4990;;
39;8;695;582;0;89;10;12;1911;;
39;9;654;602;0;75;7;11;4415;;
39;12;843;706;0;93;21;24;52225;;
39;13;611;827;0;44;3;16;20206;;
39;14;725;822;1;14;12;12;13859;;
39;15;780;805;0;89;8;11;20767;;
39;16;576;898;0;56;20;20;4232;;
39;17;662;960;0;72;15;12;4915;;
39;18;542;890;1;66;20;20;34831;;
39;19;756;942;1;77;7;12;36078;;
39;20;782;664;0;28;8;12;20791;;
39;21;874;229;0;80;12;35;7;;
39;22;689;577;6;64;12;16;17527;;
39;27;673;217;8;17;16;16;65280;;
40;0;885;212;0;57;21;18;61704;;
40;1;963;248;0;47;21;18;28684;;
40;2;998;282;0;86;10;10;4415;;
40;3;901;310;0;97;11;12;20215;;
40;4;976;337;1;43;22;17;7441;;
40;5;836;389;0;74;12;12;35287;;
40;6;824;425;0;105;11;14;382;;
40;7;867;533;0;77;13;12;4990;;
40;8;695;582;0;84;11;12;2422;;
40;9;654;602;0;80;7;12;9830;;
40;12;843;706;0;97;21;24;52225;;
40;13;611;827;0;69;6;17;26214;;
40;14;724;821;0;14;5;12;60430;;
40;15;781;804;0;91;10;11;20767;;
40;16;576;898;0;55;20;20;4232;;
40;17;666;961;0;76;17;13;33651;;
40;18;542;890;2;66;20;20;34831;;
40;19;756;942;2;77;7;12;36078;;
40;20;782;664;1;28;8;12;20791;;
40;21;875;229;0;89;13;35;7;;
40;22;689;577;7;64;12;16;17527;;
40;27;673;217;9;17;16;16;65280;;
40;28;795;859;0;44;5;12;60622;;
41;0;885;212;0;53;21;18;61704;;
41;1;962;247;0;53;20;19;28684;;
41;2;998;282;0;84;10;10;4415;;
41;3;902;310;0;91;10;12;26227;;
41;4;976;337;0;54;21;19;7441;;
41;5;836;388;0;72;12;11;35223;;
41;6;824;428;0;93;11;14;382;;
41;7;866;533;0;79;15;12;4415;;
41;8;695;583;0;90;12;13;375;;
41;9;654;602;1;80;7;12;9830;;
41;12;847;708;0;94;21;25;52225;;
41;13;611;827;0;52;4;18;26222;;
41;14;724;821;1;14;5;12;60430;;
41;15;781;805;0;96;10;11;4383;;
41;16;577;898;0;61;20;20;12428;;
41;17;661;960;0;75;17;13;33587;;
41;18;542;890;3;66;20;20;34831;;
41;19;763;934;0;91;20;18;6348;;
41;20;782;664;2;28;8;12;20791;;
41;21;875;229;0;87;13;35;7;;
41;22;689;577;8;64;12;16;17527;;
41;28;795;859;0;33;6;15;34959;;
42;0;885;212;0;55;21;18;28936;;
42;1;963;248;0;52;21;18;28684;;
42;2;998;282;0;81;11;10;4383;;
42;3;901;310;0;88;10;12;18035;;
42;4;976;337;0;64;24;18;6451;;
42;5;836;389;0;70;12;12;35287;;
42;6;824;428;0;107;11;14;382;;
42;7;867;534;0;85;13;14;4414;;
42;8;695;584;0;90;13;12;375;;
42;9;654;602;0;86;8;12;10086;;
42;12;844;707;0;93;22;24;52225;;
42;13;611;827;0;63;4;17;28398;;
42;14;724;821;2;14;5;12;60430;;
42;15;780;804;0;86;9;11;4383;;
42;16;576;898;0;59;18;20;6280;;
42;17;667;960;0;72;18;12;2931;;
42;18;542;890;4;66;20;20;34831;;
42;19;757;942;0;67;6;12;3310;;
42;20;782;664;3;28;8;12;20791;;
42;21;875;229;0;91;13;35;7;;
42;22;689;577;9;64;12;16;17527;;
42;28;795;859;1;33;6;15;34959;;
43;0;876;202;0;73;11;28;62208;;
43;1;962;247;0;56;20;19;28684;;
43;2;998;282;0;83;11;11;4415;;
43;3;902;310;0;87;11;12;18035;;
43;4;976;336;0;49;22;17;7443;;
43;5;836;389;0;69;11;12;34975;;
43;6;823;426;0;93;11;11;4383;;
43;7;863;540;0;81;11;10;4383;;
43;8;694;582;0;72;12;12;3543;;
43;9;655;602;0;77;8;10;4383;;
43;12;843;706;0;102;21;24;52225;;
43;13;611;827;0;50;8;16;26214;;
43;14;724;822;0;32;12;12;65027;;
43;15;781;804;0;91;9;11;20767;;
43;16;575;897;0;55;17;19;4236;;
43;17;666;960;0;67;14;12;4919;;
43;18;542;890;5;66;20;20;34831;;
43;19;763;934;0;88;19;19;6349;;
43;20;782;664;4;28;8;12;20791;;
43;21;875;229;1;91;13;35;7;;
43;28;795;859;2;33;6;15;34959;;
44;0;885;212;0;57;21;18;61704;;
44;1;963;248;0;53;21;24;28865;;
44;2;998;282;0;90;12;12;2038;;
44;3;902;310;0;89;11;12;52979;;
44;4;976;336;0;46;22;17;40209;;
44;5;836;388;0;73;12;11;35287;;
44;6;823;426;0;97;10;14;366;;
44;7;866;535;0;90;11;13;4606;;
44;8;694;582;0;78;14;12;3575;;
44;9;655;603;0;81;7;12;26214;;
44;12;843;706;0;103;21;24;52225;;
44;13;611;827;0;73;8;16;26214;;
44;14;724;822;0;13;12;12;11811;;
44;15;781;803;0;92;10;11;4383;;
44;16;576;898;0;54;18;20;6280;;
44;17;665;961;0;81;14;12;4979;;
44;18;542;890;0;63;20;20;34827;;
44;19;763;934;1;88;19;19;6349;;
44;20;782;664;5;28;8;12;20791;;
44;21;875;229;0;92;13;35;7;;
44;28;795;859;3;33;6;15;34959;;
45;0;876;202;0;67;10;28;63232;;
45;1;963;247;0;52;21;19;28680;;
45;2;998;281;0;88;11;10;4383;;
45;3;902;311;0;94;11;12;20211;;
45;4;975;337;0;55;23;18;7441;;
45;5;836;389;0;73;11;11;6559;;
45;6;824;428;0;101;11;14;350;;
45;7;867;535;0;78;11;11;4383;;
45;8;694;582;0;74;12;11;3575;;
45;9;654;603;0;76;8;12;10086;;
45;12;843;706;0;95;21;24;52225;;
45;13;611;827;0;40;3;15;9839;;
45;14;725;822;0;13;11;13;6487;;
45;15;781;804;0;93;10;10;4383;;
45;16;576;898;0;48;8;12;36044;;
45;17;666;961;0;68;16;13;37746;;
45;18;542;890;0;61;20;20;34827;;
45;19;756;942;0;72;7;12;36078;;
45;20;782;664;6;28;8;12;20791;;
45;21;875;229;1;92;13;35;7;;
45;28;795;859;4;33;6;15;34959;;
46;0;885;212;0;51;21;18;28936;;
46;1;963;248;0;47;15;18;12559;;
46;2;998;282;0;89;11;11;4415;;
46;3;901;310;0;98;11;12;20215;;
46;4;975;337;0;46;22;18;7441;;
46;5;836;388;0;71;15;11;1367;;
46;6;824;427;0;97;11;14;1406;;
46;7;866;537;0;82;11;14;4478;;
46;8;694;582;0;84;13;12;1911;;
46;9;655;602;0;78;7;12;9830;;
46;12;844;708;0;88;21;25;52225;;
46;13;611;827;0;46;5;17;9830;;
46;14;725;820;0;27;12;11;65217;;
46;15;780;804;0;84;9;10;21791;;
46;16;575;897;0;62;19;19;4236;;
46;17;667;961;0;68;15;13;4407;;
46;18;542;890;0;60;20;20;34831;;
46;19;756;942;1;72;7;12;36078;;
46;20;785;670;0;35;8;12;21815;;
46;21;875;229;0;92;13;35;7;;
46;28;795;859;0;31;5;14;51407;;
47;0;876;202;0;72;10;28;62208;;
47;1;963;248;0;53;21;18;28684;;
47;2;998;282;0;90;11;10;4383;;
47;3;902;311;0;93;11;12;20211;;
47;4;976;336;0;42;7;18;12311;;
47;5;836;388;0;71;13;14;35223;;
47;6;824;427;0;101;11;12;4078;;
47;7;867;534;0;76;11;15;4415;;
47;8;696;584;0;80;12;10;1911;;
47;9;654;602;0;80;7;11;4383;;
47;12;843;706;0;94;21;24;52225;;
47;13;611;828;0;46;5;17;26214;;
47;14;726;819;0;35;12;12;62467;;
47;15;780;804;1;84;9;10;21791;;
47;16;576;897;0;55;21;20;12424;;
47;17;661;960;0;74;25;21;29464;;
47;18;542;890;1;60;20;20;34831;;
47;19;756;942;2;72;7;12;36078;;
47;20;785;670;1;35;8;12;21815;;
47;21;875;229;1;92;13;35;7;;
47;28;795;859;1;31;5;14;51407;;
48;0;884;212;0;56;20;19;45320;;
48;1;963;248;0;47;21;24;28897;;
48;2;998;281;0;90;10;11;4383;;
48;3;901;310;0;85;10;12;18035;;
48;4;976;337;0;60;24;18;7475;;
48;5;840;389;0;78;12;12;35223;;
48;6;824;428;0;100;11;14;382;;
48;7;866;537;0;61;12;10;5998;;
48;8;695;583;0;62;12;11;1911;;
48;9;654;602;0;78;8;11;4383;;
48;12;843;707;0;96;21;24;52225;;
48;13;611;827;0;56;4;17;26222;;
48;14;726;820;0;16;7;12;11918;;
48;15;781;804;0;95;10;11;4383;;
48;16;576;898;0;51;16;20;6284;;
48;17;663;961;0;72;14;12;4915;;
48;18;542;890;2;60;20;20;34831;;
48;19;756;942;3;72;7;12;36078;;
48;20;782;667;0;21;15;17;4383;;
48;21;875;229;0;92;13;35;7;;
48;28;795;859;2;31;5;14;51407;;
49;0;885;212;0;57;21;19;61704;;
49;1;963;248;0;44;21;18;28685;;
49;2;998;282;0;87;11;11;4383;;
49;3;901;310;0;89;10;12;18035;;
49;4;976;337;0;48;23;18;7441;;
49;5;836;389;0;70;12;11;35223;;
49;6;823;426;0;101;11;14;382;;
49;7;864;540;0;40;14;9;4414;;
49;8;695;584;0;62;12;12;1911;;
49;9;654;602;1;78;8;11;4383;;
49;12;847;708;0;97;21;26;52225;;
49;13;611;827;0;51;5;16;28398;;
49;14;725;817;0;14;6;12;12039;;
49;15;780;804;0;99;10;11;4383;;
49;16;576;898;0;52;20;19;6280;;
49;17;666;960;0;66;15;11;4919;;
49;18;542;890;3;60;20;20;34831;;
49;19;763;934;0;90;20;18;6284;;
49;20;782;665;0;14;15;16;4381;;
49;21;874;228;0;86;12;35;135;;
49;28;795;859;0;29;6;15;52430;;
50;0;876;202;0;69;25;28;62208;;
50;1;962;247;0;61;20;19;28684;;
50;2;998;282;0;91;10;12;1910;;
50;3;902;310;0;88;11;12;52979;;
50;4;976;337;0;52;10;18;12551;;
50;5;836;388;0;74;12;12;34967;;
50;6;824;426;0;100;11;14;494;;
50;7;864;540;0;31;13;10;4398;;
50;8;695;585;0;59;9;16;36582;;
50;9;654;602;0;78;8;11;4383;;
50;12;844;706;0;86;21;23;52225;;
50;13;611;827;0;46;3;18;26222;;
50;14;724;818;0;19;10;12;16327;;
50;15;781;805;0;88;9;11;4383;;
50;16;575;897;0;53;17;19;4236;;
50;17;662;960;0;71;16;13;38706;;
50;18;542;890;0;60;20;20;34827;;
50;19;763;934;0;88;19;18;6349;;
50;20;785;670;0;21;20;16;13083;;
50;21;874;228;1;86;12;35;135;;
50;28;795;859;0;31;5;12;59598;;
50;29;860;518;0;73;17;20;32879;;
51;0;885;212;0;53;20;18;62216;;
51;1;962;247;0;60;20;19;28684;;
51;2;998;281;0;84;10;11;4383;;
51;3;901;311;0;94;10;12;26483;;
51;4;976;337;0;48;22;18;40209;;
51;5;836;388;0;69;12;11;35287;;
51;6;824;426;0;91;11;13;382;;
51;7;864;540;0;32;11;11;4383;;
51;8;695;585;1;59;9;16;36582;;
51;9;655;602;0;78;7;12;9838;;
51;12;843;706;0;98;21;24;52225;;
51;13;611;827;0;50;5;16;28398;;
51;14;723;817;0;40;13;12;8033;;
51;15;779;803;0;87;9;11;12575;;
51;16;575;897;0;57;18;19;4236;;
51;17;666;961;0;75;17;13;33651;;
51;18;542;890;1;60;20;20;34827;;
51;19;764;934;0;78;20;19;6280;;
51;20;785;670;1;21;20;16;13083;;
51;21;875;229;0;90;13;35;7;;
51;28;795;859;0;37;5;12;60622;;
51;29;866;524;0;27;11;11;4383;;
52;0;876;202;0;63;10;28;62208;;
52;1;963;248;0;53;21;18;28684;;
52;2;998;281;0;88;10;15;4991;;
52;3;902;310;0;91;10;12;18035;;
52;4;976;337;0;57;9;18;28679;;
52;5;840;389;0;74;12;11;35223;;
52;6;823;426;0;102;11;14;382;;
52;7;864;540;1;32;11;11;4383;;
52;8;695;584;0;61;12;12;3191;;
52;9;655;602;0;76;8;10;4415;;
52;12;843;706;0;101;21;24;52225;;
52;13;611;827;0;54;4;16;28398;;
52;14;724;817;0;50;13;14;8183;;
52;15;780;805;0;91;8;11;5407;;
52;16;576;898;0;51;20;17;6284;;
52;17;662;960;0;67;15;12;4915;;
52;18;542;890;2;60;20;20;34827;;
52;19;764;934;1;78;20;19;6280;;
52;20;782;665;0;23;20;16;13083;;
52;21;875;229;1;90;13;35;7;;
52;28;795;859;1;37;5;12;60622;;
52;29;868;532;0;26;13;16;52988;;
53;0;885;212;0;57;20;18;62216;;
53;1;962;247;0;55;20;19;28684;;
53;2;998;282;0;84;11;9;4383;;
53;3;902;310;0;101;12;12;20211;;
53;4;975;337;0;58;23;18;7441;;
53;5;836;388;0;74;12;12;35223;;
53;6;824;426;0;97;11;13;382;;
53;7;864;540;2;32;11;11;4383;;
53;8;694;583;0;64;12;16;17655;;
53;9;655;602;0;83;7;13;10086;;
53;12;843;706;0;98;20;24;52225;;
53;13;611;827;0;43;3;17;26214;;
53;14;723;818;0;51;13;14;8183;;
53;15;781;804;0;93;9;11;5407;;
53;16;575;898;0;59;10;12;36044;;
53;17;662;960;0;86;16;13;37746;;
53;18;542;890;0;61;20;20;34831;;
53;19;763;934;0;88;20;18;6348;;
53;20;782;665;1;23;20;16;13083;;
53;21;875;229;0;90;13;35;7;;
53;28;795;859;2;37;5;12;60622;;
53;29;868;532;1;26;13;16;52988;;
54;0;876;202;0;66;10;28;62208;;
54;1;962;246;0;62;20;20;28684;;
54;2;998;282;0;87;12;10;1910;;
54;3;902;310;0;88;10;12;18035;;
54;4;975;337;1;58;23;18;7441;;
54;5;836;388;0;72;13;11;34967;;
54;6;824;428;0;96;11;11;4383;;
54;7;864;540;3;32;11;11;4383;;
54;8;695;584;0;79;12;17;17527;;
54;9;654;602;0;82;8;11;4415;;
54;12;843;706;0;90;21;24;52225;;
54;13;611;828;0;52;4;17;28398;;
54;14;722;818;0;38;12;12;7937;;
54;15;781;804;0;81;9;10;4383;;
54;16;576;897;0;47;18;19;4236;;
54;17;666;961;0;76;17;13;33651;;
54;18;542;890;0;61;20;20;34827;;
54;19;763;934;1;88;20;18;6348;;
54;20;782;665;2;23;20;16;13083;;
54;21;875;229;1;90;13;35;7;;
54;28;795;859;0;27;2;14;35023;;
54;29;860;518;0;57;13;18;32879;;
55;0;876;202;0;71;10;28;62208;;
55;1;963;248;0;51;21;18;28680;;
55;2;998;282;0;90;11;11;4415;;
55;3;901;310;0;84;11;12;20211;;
55;4;976;336;0;48;21;18;40209;;
55;5;836;389;0;71;12;12;35223;;
55;6;824;428;0;98;11;13;382;;
55;7;864;540;4;32;11;11;4383;;
55;8;696;582;0;70;13;17;52343;;
55;9;655;602;0;84;7;13;1895;;
55;12;843;706;1;90;21;24;52225;;
55;13;611;827;0;42;7;16;26214;;
55;14;724;818;0;44;13;13;7971;;
55;15;781;804;1;81;9;10;4383;;
55;16;576;897;0;62;20;19;14472;;
55;17;666;961;0;74;15;12;4915;;
55;18;542;890;1;61;20;20;34827;;
55;19;764;934;0;85;20;19;6280;;
55;20;786;671;0;35;22;16;4923;;
55;21;875;229;2;90;13;35;7;;
55;28;796;859;0;45;5;14;52430;;
55;29;861;517;0;75;13;19;33903;;
56;0;885;212;0;59;21;18;61704;;
56;1;963;248;0;42;15;18;12559;;
56;2;998;281;0;85;10;12;2038;;
56;3;902;310;0;86;10;12;18035;;
56;4;976;336;1;48;21;18;40209;;
56;5;836;388;0;80;12;14;35287;;
56;6;824;426;0;90;11;11;4383;;
56;7;864;540;5;32;11;11;4383;;
56;8;695;584;0;54;12;17;17527;;
56;9;655;602;0;85;7;12;26214;;
56;12;843;706;0;87;21;23;52225;;
56;13;611;827;0;66;4;18;26222;;
56;14;724;818;0;41;12;12;7937;;
56;15;780;804;0;97;9;11;5407;;
56;16;576;898;0;50;18;19;4236;;
56;17;662;960;0;72;16;13;38770;;
56;18;542;890;0;62;20;20;34827;;
56;19;764;934;0;77;19;19;6287;;
56;20;784;669;0;22;19;16;4383;;
56;21;875;229;3;90;13;35;7;;
56;28;795;859;0;35;5;13;35022;;
56;29;861;517;1;75;13;19;33903;;
57;0;885;212;0;58;20;18;62216;;
57;1;962;247;0;54;20;19;28684;;
57;2;998;282;0;87;11;11;4383;;
57;3;902;310;0;98;13;18;1143;;
57;4;976;336;0;43;22;18;7443;;
57;5;840;389;0;80;12;12;35223;;
57;6;824;425;0;94;11;14;382;;
57;7;864;540;6;32;11;11;4383;;
57;8;696;584;0;69;13;17;18039;;
57;9;655;602;0;77;7;11;4383;;
57;12;847;708;0;93;21;25;52225;;
57;13;611;827;0;51;5;16;28398;;
57;14;725;817;0;52;14;14;8183;;
57;15;779;801;0;74;9;10;4383;;
57;16;576;898;0;54;19;20;6280;;
57;17;662;960;0;67;16;11;38706;;
57;18;542;890;0;61;20;20;34827;;
57;19;764;934;1;77;19;19;6287;;
57;20;786;669;0;60;10;9;4383;;
57;21;875;229;4;90;13;35;7;;
57;28;795;858;0;37;5;12;52430;;
57;29;861;517;2;75;13;19;33903;;
57;30;945;332;0;33;14;7;7647;;
57;31;789;587;0;22;7;11;4383;;
58;0;885;212;0;55;20;18;61704;;
58;1;962;247;0;55;20;19;28684;;
58;2;998;282;0;87;11;11;4415;;
58;3;901;310;0;83;10;12;18035;;
58;4;975;337;0;60;25;19;7443;;
58;5;840;388;0;70;12;12;35223;;
58;6;824;427;0;95;11;14;382;;
58;7;864;533;0;38;7;12;61164;;
58;8;696;583;0;80;13;12;33143;;
58;9;654;602;0;76;8;12;10086;;
58;12;843;706;0;97;21;24;52225;;
58;13;611;827;0;50;7;18;9830;;
58;14;725;818;0;54;14;12;8183;;
58;15;781;803;0;97;10;11;4383;;
58;16;575;897;0;56;17;19;4236;;
58;17;666;961;0;73;17;13;4978;;
58;18;542;890;1;61;20;20;34827;;
58;19;764;934;0;76;20;19;6280;;
58;20;782;666;0;14;15;16;4381;;
58;21;874;230;0;86;18;35;3;;
58;28;795;859;0;37;5;13;35022;;
58;29;861;517;3;75;13;19;33903;;
58;30;945;332;1;33;14;7;7647;;
58;31;789;587;1;22;7;11;4383;;
59;0;877;202;0;75;12;28;62208;;
59;1;962;248;0;44;20;18;28686;;
59;2;998;281;0;87;11;11;4383;;
59;3;902;310;0;79;10;19;1127;;
59;4;975;337;1;60;25;19;7443;;
59;5;836;388;0;77;12;12;35287;;
59;6;823;427;0;102;11;13;382;;
59;7;865;533;0;51;10;13;4654;;
59;8;696;583;0;85;13;12;1399;;
59;9;654;602;1;76;8;12;10086;;
59;12;843;706;0;102;21;24;52225;;
59;13;611;827;0;57;7;17;26214;;
59;14;723;818;0;51;13;12;8113;;
59;15;781;803;1;97;10;11;4383;;
59;16;576;898;0;50;17;18;6284;;
59;17;665;961;0;81;16;12;6002;;
59;18;542;890;2;61;20;20;34827;;
59;19;764;934;1;76;20;19;6280;;
59;20;786;669;0;37;22;16;4923;;
59;21;874;230;1;86;18;35;3;;
59;28;795;859;0;29;6;14;52430;;
59;29;861;517;4;75;13;19;33903;;
59;30;945;332;2;33;14;7;7647;;
59;31;789;587;0;18;7;15;30583;;
59;32;673;217;0;27;17;17;64768;;
60;0;876;202;0;69;10;28;62208;;
60;1;963;248;0;45;15;18;12557;;
60;2;998;281;0;90;11;11;4383;;
60;3;902;311;0;96;11;19;17511;;
60;4;976;337;0;50;24;18;7475;;
60;5;839;388;0;73;13;12;35287;;
60;6;823;426;0;102;11;14;382;;
60;7;865;533;0;72;8;14;13119;;
60;8;693;579;0;46;11;16;50295;;
60;9;654;602;0;81;8;11;4415;;
60;12;844;709;0;87;21;25;52225;;
60;13;611;827;0;44;5;17;9830;;
60;14;722;818;0;54;15;13;3959;;
60;15;781;803;2;97;10;11;4383;;
60;16;575;897;0;61;18;19;4236;;
60;17;666;963;0;65;16;12;6002;;
60;18;542;890;3;61;20;20;34827;;
60;19;764;934;2;76;20;19;6280;;
60;20;782;665;0;78;11;7;4383;;
60;21;874;230;2;86;18;35;3;;
60;28;796;859;0;41;4;14;36046;;
60;29;861;517;5;75;13;19;33903;;
60;30;945;332;3;33;14;7;7647;;
60;31;783;583;0;13;11;17;5350;;
60;32;673;217;1;27;17;17;64768;;
61;0;876;202;0;70;10;28;62208;;
61;1;963;248;0;45;14;18;12559;;
61;2;998;282;0;89;11;11;4383;;
61;3;902;311;0;89;12;18;1127;;
61;4;976;336;0;50;24;18;39219;;
61;5;836;389;0;71;11;12;34967;;
61;6;824;428;0;98;11;13;382;;
61;7;866;533;0;77;8;13;4983;;
61;8;695;582;0;52;11;17;17527;;
61;9;655;603;0;82;7;12;26214;;
61;12;847;706;0;104;22;24;52225;;
61;13;611;827;0;52;5;17;9830;;
61;14;724;817;0;41;13;7;2047;;
61;15;779;801;0;93;10;10;4383;;
61;16;576;898;0;58;20;20;6280;;
61;17;666;961;0;58;15;13;37143;;
61;18;542;890;0;62;20;20;34827;;
61;19;763;934;0;90;20;18;6284;;
61;20;786;669;0;12;14;17;4383;;
61;21;874;230;3;86;18;35;3;;
61;28;795;859;0;35;5;12;60622;;
61;29;861;517;6;75;13;19;33903;;
61;30;945;332;0;10;14;8;6559;;
61;31;783;584;0;16;9;14;17527;;
61;32;673;217;2;27;17;17;64768;;
61;33;779;600;0;12;8;13;17511;;
62;0;885;212;0;56;20;18;29448;;
62;1;963;248;0;54;21;19;28684;;
62;2;998;282;0;86;10;12;1910;;
62;3;901;310;0;80;12;21;17511;;
62;4;975;337;0;54;25;17;7427;;
62;5;836;389;0;78;13;11;2455;;
62;6;824;425;0;108;12;13;382;;
62;7;864;533;0;64;9;12;3959;;
62;8;693;582;0;69;11;19;18039;;
62;9;655;603;1;82;7;12;26214;;
62;12;843;706;0;96;21;24;52225;;
62;13;611;827;0;52;7;18;9830;;
62;14;724;817;0;49;13;12;32001;;
62;15;781;804;0;85;9;11;12575;;
62;16;576;898;0;51;19;18;6284;;
62;17;662;960;0;68;17;13;33650;;
62;18;542;890;1;62;20;20;34827;;
62;19;764;934;0;80;19;19;6541;;
62;20;786;671;0;26;7;12;16423;;
62;21;874;229;0;82;12;35;7;;
62;28;795;859;1;35;5;12;60622;;
62;29;861;517;7;75;13;19;33903;;
62;30;945;332;1;10;14;8;6559;;
62;31;790;587;0;29;8;14;16759;;
62;32;673;217;3;27;17;17;64768;;
62;33;779;600;1;12;8;13;17511;;
63;0;885;212;0;54;21;18;61704;;
63;1;962;247;0;51;20;19;28680;;
63;2;998;282;0;90;10;15;4991;;
63;3;902;310;0;85;13;18;33911;;
63;4;976;336;0;50;24;18;7475;;
63;5;839;389;0;72;12;14;35223;;
63;6;824;428;0;102;11;14;382;;
63;7;863;534;0;75;15;12;55091;;
63;8;694;585;0;60;11;21;18035;;
63;9;655;602;0;78;7;11;4383;;
63;12;843;706;0;97;21;24;52225;;
63;13;610;827;0;43;3;17;28262;;
63;14;724;817;0;43;13;11;8161;;
63;15;781;804;1;85;9;11;12575;;
63;16;576;897;0;48;16;19;4236;;
63;17;665;961;0;81;15;13;4915;;
63;18;542;890;0;64;20;20;34827;;
63;19;764;934;1;80;19;19;6541;;
63;20;786;671;1;26;7;12;16423;;
63;21;875;229;0;86;13;35;7;;
63;28;795;859;0;36;5;12;60622;;
63;29;861;517;8;75;13;19;33903;;
63;30;945;332;2;10;14;8;6559;;
63;31;790;587;1;29;8;14;16759;;
63;32;674;217;0;26;17;17;64512;;
63;33;779;592;0;19;9;12;50791;;
64;0;876;202;0;71;10;28;62208;;
64;1;963;248;0;47;21;18;28684;;
64;2;998;282;0;85;11;9;4383;;
64;3;902;311;0;79;12;18;1655;;
64;4;976;337;0;44;21;18;56593;;
64;5;838;390;0;69;11;12;34975;;
64;6;824;425;0;103;11;14;382;;
64;7;860;531;0;47;15;7;1983;;
64;8;694;583;0;65;11;18;18039;;
64;9;654;602;0;75;8;11;4415;;
64;12;843;706;0;98;21;24;52225;;
64;13;611;827;0;64;6;17;26222;;
64;14;724;817;0;31;11;12;64513;;
64;15;781;804;0;84;10;10;20767;;
64;16;576;898;0;53;20;20;14476;;
64;17;665;961;0;75;17;12;37746;;
64;18;542;890;1;64;20;20;34827;;
64;19;763;934;0;95;19;19;6349;;
64;20;782;666;0;19;19;16;4383;;
64;21;875;229;1;86;13;35;7;;
64;28;795;859;1;36;5;12;60622;;
64;29;861;517;9;75;13;19;33903;;
64;30;945;332;3;10;14;8;6559;;
64;31;790;587;2;29;8;14;16759;;
64;32;674;217;1;26;17;17;64512;;
64;33;779;592;0;16;9;12;49767;;
65;0;885;212;0;52;21;18;61704;;
65;1;963;248;0;43;21;18;28682;;
65;2;998;281;0;87;11;11;4383;;
65;3;902;310;0;72;11;19;17511;;
65;4;976;337;0;49;24;18;7475;;
65;5;836;389;0;70;10;12;35223;;
65;6;824;427;0;100;11;14;382;;
65;7;858;531;0;68;20;8;2035;;
65;8;694;585;0;69;11;20;18034;;
65;9;654;602;0;77;8;11;4383;;
65;12;843;706;0;87;20;24;52225;;
65;13;611;827;0;46;4;17;28398;;
65;14;725;818;0;50;13;12;32001;;
65;15;781;805;0;96;10;10;20767;;
65;16;576;897;0;58;20;19;12424;;
65;17;661;960;0;62;25;22;29464;;
65;18;542;890;2;64;20;20;34827;;
65;19;764;934;0;84;20;19;6280;;
65;20;781;666;0;30;7;15;12575;;
65;21;875;229;0;91;13;35;7;;
65;28;795;859;2;36;5;12;60622;;
65;30;945;332;4;10;14;8;6559;;
65;31;789;584;0;18;9;11;4383;;
65;32;674;217;2;26;17;17;64512;;
65;33;779;592;1;16;9;12;49767;;
65;34;865;253;0;87;20;24;6419;;
66;0;876;202;0;71;12;28;62208;;
66;1;962;247;0;52;20;19;28684;;
66;2;997;281;0;88;11;11;4383;;
66;3;902;310;0;78;10;18;17527;;
66;4;976;337;1;49;24;18;7475;;
66;5;836;389;0;76;12;11;35223;;
66;6;824;427;0;106;12;14;374;;
66;7;864;530;0;87;14;9;3703;;
66;8;693;583;0;64;11;14;18291;;
66;9;655;602;0;77;7;11;4383;;
66;12;844;706;0;94;21;23;52225;;
66;13;611;827;0;48;4;16;26214;;
66;14;725;817;0;40;17;4;1023;;
66;15;781;803;0;90;10;11;4383;;
66;16;576;898;0;53;19;18;6284;;
66;17;666;961;0;73;16;12;6002;;
66;18;542;890;3;64;20;20;34827;;
66;19;764;934;1;84;20;19;6280;;
66;20;786;668;0;78;10;9;4383;;
66;21;875;229;1;91;13;35;7;;
66;28;795;859;0;34;6;13;52430;;
66;30;943;331;0;68;17;7;3526;;
66;31;789;584;1;18;9;11;4383;;
66;32;674;217;3;26;17;17;64512;;
66;33;779;592;2;16;9;12;49767;;
66;34;865;253;1;87;20;24;6419;;
67;0;885;212;0;60;21;18;61704;;
67;1;962;246;0;60;20;20;28680;;
67;2;999;282;0;80;10;14;895;;
67;3;902;310;0;74;11;19;17511;;
67;4;976;337;0;50;24;17;7475;;
67;5;836;388;0;75;12;12;35223;;
67;6;823;425;0;101;11;13;366;;
67;7;867;532;0;63;13;8;1791;;
67;8;695;585;0;55;11;15;22387;;
67;9;655;602;1;77;7;11;4383;;
67;12;843;706;0;105;21;24;52225;;
67;13;611;827;0;60;3;17;26222;;
67;14;727;817;0;49;16;4;1791;;
67;15;781;803;1;90;10;11;4383;;
67;16;576;898;0;55;20;20;4232;;
67;17;662;961;0;75;15;12;4915;;
67;18;542;890;4;64;20;20;34827;;
67;19;764;934;0;84;19;19;6541;;
67;20;782;667;0;18;15;16;6429;;
67;21;875;228;0;84;13;35;8327;;
67;28;795;859;1;34;6;13;52430;;
67;30;943;331;1;68;17;7;3526;;
67;31;789;584;2;18;9;11;4383;;
67;32;674;217;4;26;17;17;64512;;
67;33;782;592;0;12;18;11;36060;;
67;34;865;253;2;87;20;24;6419;;
68;0;876;202;0;70;23;28;62208;;
68;1;963;248;0;48;14;18;12559;;
68;2;998;282;0;86;12;10;10228;;
68;3;902;310;0;81;12;21;19687;;
68;4;976;337;1;50;24;17;7475;;
68;5;839;388;0;73;12;13;34975;;
68;6;824;426;0;100;11;14;366;;
68;7;867;530;0;70;11;10;95;;
68;8;693;582;0;52;11;18;18039;;
68;9;654;602;0;74;7;12;1646;;
68;12;843;706;0;98;21;24;52225;;
68;13;611;827;0;49;5;17;28262;;
68;14;727;818;0;45;15;4;255;;
68;15;780;805;0;92;9;10;4383;;
68;16;574;898;0;72;5;12;52974;;
68;17;662;960;0;87;17;13;882;;
68;18;542;890;5;64;20;20;34827;;
68;19;763;934;0;96;20;19;6348;;
68;20;782;665;0;34;11;9;4383;;
68;21;875;228;1;84;13;35;8327;;
68;28;795;859;0;33;6;14;35022;;
68;30;943;331;2;68;17;7;3526;;
68;31;782;584;0;19;18;11;36060;;
68;32;674;217;5;26;17;17;64512;;
68;33;782;592;1;12;18;11;36060;;
68;34;865;253;3;87;20;24;6419;;
68;35;790;598;0;19;18;11;36060;;
69;0;885;212;0;54;21;18;28936;;
69;1;963;248;0;47;21;18;28682;;
69;2;998;282;0;83;10;11;4383;;
69;3;902;311;0;91;11;20;1255;;
69;4;976;337;2;50;24;17;7475;;
69;5;835;388;0;75;12;11;35287;;
69;6;824;426;0;104;11;14;382;;
69;7;867;530;0;55;15;12;3711;;
69;8;693;579;0;56;11;18;17527;;
69;9;655;603;0;77;7;12;26214;;
69;12;847;708;0;96;21;24;52225;;
69;13;611;827;0;44;4;16;28398;;
69;14;727;818;0;54;15;12;3859;;
69;15;780;801;0;91;9;11;12575;;
69;16;576;897;0;51;19;19;4492;;
69;17;666;961;0;68;16;12;6002;;
69;18;542;890;6;64;20;20;34827;;
69;19;763;934;0;91;20;18;6284;;
69;20;782;665;1;34;11;9;4383;;
69;21;875;229;0;88;13;35;7;;
69;28;795;859;0;26;6;14;35022;;
69;30;943;331;3;68;17;7;3526;;
69;31;782;584;1;19;18;11;36060;;
69;32;674;217;6;26;17;17;64512;;
69;33;782;592;2;12;18;11;36060;;
69;34;865;253;4;87;20;24;6419;;
69;35;791;597;0;24;17;14;36060;;
70;0;876;202;0;72;11;28;62208;;
70;1;963;248;0;44;14;18;12559;;
70;2;998;283;0;86;11;10;4383;;
70;3;902;310;0;90;12;21;17511;;
70;4;976;337;0;54;21;19;7443;;
70;5;836;390;0;84;13;12;2455;;
70;6;823;426;0;94;11;12;4078;;
70;7;865;529;0;57;18;15;20209;;
70;8;695;583;0;49;11;17;52327;;
70;9;654;602;0;80;7;12;26222;;
70;12;843;706;0;106;21;24;52225;;
70;13;611;827;0;44;3;18;9838;;
70;14;729;818;0;55;16;12;12194;;
70;15;781;805;0;94;10;11;4383;;
70;16;576;898;0;51;20;20;6280;;
70;17;665;961;0;67;16;12;38770;;
70;18;542;890;0;60;21;20;34819;;
70;19;763;934;0;90;20;18;6284;;
70;20;782;665;2;34;11;9;4383;;
70;21;875;229;1;88;13;35;7;;
70;28;795;859;0;31;6;14;35022;;
70;30;937;309;0;61;22;20;4556;;
70;31;782;584;2;19;18;11;36060;;
70;32;674;217;7;26;17;17;64512;;
70;33;781;592;0;15;18;12;36060;;
70;34;865;253;5;87;20;24;6419;;
70;35;791;597;1;24;17;14;36060;;
71;0;885;212;0;59;21;18;28936;;
71;1;963;248;0;53;21;18;28684;;
71;2;998;281;0;82;12;10;10228;;
71;3;902;311;0;92;12;20;1255;;
71;4;976;337;1;54;21;19;7443;;
71;5;838;389;0;76;12;11;35223;;
71;6;824;428;0;103;10;14;350;;
71;7;862;527;0;46;21;14;36593;;
71;8;694;583;0;56;10;16;17527;;
71;9;655;603;0;78;7;12;26214;;
71;12;843;706;0;98;21;24;52225;;
71;13;611;827;0;42;3;17;26214;;
71;14;728;818;0;48;16;12;12258;;
71;15;780;804;0;95;9;11;4383;;
71;16;576;898;0;53;20;20;6280;;
71;17;662;960;0;83;17;13;882;;
71;18;542;890;1;60;21;20;34819;;
71;19;764;934;0;83;20;19;6280;;
71;20;781;666;0;22;19;17;4383;;
71;21;874;230;0;89;12;35;7;;
71;28;795;859;0;25;6;14;35022;;
71;30;944;332;0;39;15;8;7646;;
71;31;782;584;3;19;18;11;36060;;
71;32;674;217;8;26;17;17;64512;;
71;33;781;592;1;15;18;12;36060;;
71;34;865;253;6;87;20;24;6419;;
71;35;792;592;0;28;16;8;53232;;
72;0;876;202;0;65;10;28;62208;;
72;1;963;248;0;45;21;18;28684;;
72;2;998;282;0;80;11;10;4383;;
72;3;902;310;0;102;12;21;239;;
72;4;976;337;2;54;21;19;7443;;
72;5;839;389;0;70;12;12;35287;;
72;6;824;427;0;96;11;14;382;;
72;7;862;527;0;46;20;13;3825;;
72;8;693;583;0;63;11;16;52343;;
72;9;654;602;0;79;7;11;4383;;
72;12;843;707;0;107;21;25;52225;;
72;13;611;827;0;62;7;17;9831;;
72;14;728;817;0;56;16;12;3954;;
72;15;781;804;0;97;10;10;4383;;
72;16;576;897;0;56;19;19;4492;;
72;17;663;961;0;75;16;12;6002;;
72;18;542;890;0;63;20;20;34831;;
72;19;764;934;0;80;19;19;6541;;
72;20;781;666;0;20;15;17;4383;;
72;21;874;230;1;89;12;35;7;;
72;28;795;859;0;31;6;12;52430;;
72;30;944;332;0;38;18;8;3558;;
72;31;782;584;4;19;18;11;36060;;
72;32;674;217;9;26;17;17;64512;;
72;33;782;591;0;15;16;5;57280;;
72;34;865;253;7;87;20;24;6419;;
72;35;792;592;1;28;16;8;53232;;
73;0;885;212;0;55;21;18;61704;;
73;1;963;248;0;51;21;18;28680;;
73;2;998;282;0;88;11;11;4383;;
73;3;902;310;0;99;12;11;53235;;
73;4;976;337;0;45;22;17;7441;;
73;5;836;388;0;74;12;11;35223;;
73;6;824;426;0;92;10;13;238;;
73;7;865;529;0;25;12;6;3839;;
73;8;694;583;0;59;10;16;17527;;
73;9;654;602;1;79;7;11;4383;;
73;12;843;707;0;91;21;24;52225;;
73;13;611;827;0;55;4;16;19694;;
73;14;729;818;0;51;15;12;1811;;
73;15;780;804;0;101;10;11;4383;;
73;16;575;898;0;61;9;12;36044;;
73;17;667;961;0;62;16;13;38770;;
73;18;542;890;0;61;20;20;34827;;
73;19;764;935;0;82;18;20;6348;;
73;20;781;666;1;20;15;17;4383;;
73;21;874;230;2;89;12;35;7;;
73;28;795;859;0;32;6;14;51406;;
73;30;944;332;1;38;18;8;3558;;
73;31;782;584;5;19;18;11;36060;;
73;33;782;591;1;15;16;5;57280;;
73;34;865;253;8;87;20;24;6419;;
73;35;788;591;0;20;18;5;20464;;
74;0;885;212;0;53;20;18;62216;;
74;1;962;246;0;62;20;20;28680;;
74;2;998;282;0;86;11;11;4383;;
74;3;902;311;0;90;11;12;36467;;
74;4;976;337;0;50;20;18;7441;;
74;5;835;388;0;75;13;11;2207;;
74;6;824;427;0;97;11;14;366;;
74;7;865;529;1;25;12;6;3839;;
74;8;692;584;0;47;9;16;17527;;
74;9;654;602;0;78;8;12;9830;;
74;12;843;706;0;89;21;23;52225;;
74;13;611;827;0;46;4;16;28398;;
74;14;728;818;0;47;16;12;3954;;
74;15;781;803;0;90;10;11;20767;;
74;16;576;898;0;51;20;20;4232;;
74;17;663;961;0;72;16;12;38770;;
74;18;542;890;1;61;20;20;34827;;
74;19;763;935;0;90;19;19;6349;;
74;20;786;670;0;12;18;16;4379;;
74;21;875;229;0;87;13;35;7;;
74;28;795;859;0;26;6;14;51406;;
74;30;944;332;2;38;18;8;3558;;
74;31;782;584;6;19;18;11;36060;;
74;33;782;591;2;15;16;5;57280;;
74;34;865;253;9;87;20;24;6419;;
74;35;791;597;0;15;19;4;53200;;
75;0;885;212;0;55;21;18;61704;;
75;1;962;247;0;55;20;19;28684;;
75;2;998;282;0;84;10;11;4383;;
75;3;902;310;0;96;12;11;53107;;
75;4;976;337;0;46;22;18;40209;;
75;5;836;388;0;74;11;11;39327;;
75;6;824;427;0;102;11;13;350;;
75;7;865;534;0;11;17;14;28113;;
75;8;694;578;0;60;13;16;52343;;
75;9;654;602;0;78;7;11;4383;;
75;12;843;706;0;95;21;24;52225;;
75;13;611;827;0;42;3;17;9838;;
75;14;727;818;0;48;15;11;3903;;
75;15;781;805;0;98;10;11;4383;;
75;16;575;897;0;63;20;19;6280;;
75;17;666;960;0;72;15;12;4403;;
75;18;542;890;2;61;20;20;34827;;
75;19;764;934;0;82;20;19;6280;;
75;20;780;672;0;18;20;16;13081;;
75;21;874;230;0;90;13;35;7;;
75;28;795;859;0;32;6;15;35022;;
75;30;944;332;3;38;18;8;3558;;
75;31;782;584;7;19;18;11;36060;;
75;33;782;591;3;15;16;5;57280;;
75;35;793;592;0;42;16;11;53208;;
76;0;885;212;0;58;20;19;28936;;
76;1;962;248;0;47;15;19;12559;;
76;2;998;282;0;84;10;9;4383;;
76;3;902;310;0;101;11;12;36595;;
76;4;976;336;0;52;24;18;6451;;
76;5;836;388;0;81;12;12;35223;;
76;6;823;427;0;103;11;12;3566;;
76;7;865;534;1;11;17;14;28113;;
76;8;694;578;0;45;13;17;50295;;
76;9;654;602;0;74;7;11;4383;;
76;12;843;706;0;100;21;24;52225;;
76;13;611;827;0;63;5;16;28398;;
76;14;727;819;0;38;11;12;63238;;
76;15;780;804;0;83;8;10;20767;;
76;16;575;897;0;57;18;18;4236;;
76;17;662;960;0;72;17;13;33650;;
76;18;542;890;0;66;20;20;34827;;
76;19;763;934;0;92;20;19;6348;;
76;20;780;672;1;18;20;16;13081;;
76;21;874;230;0;90;12;35;7;;
76;28;795;859;0;29;6;15;35022;;
76;30;944;332;4;38;18;8;3558;;
76;31;782;584;8;19;18;11;36060;;
76;33;780;592;0;13;18;7;52688;;
76;35;793;592;1;42;16;11;53208;;
76;36;864;254;0;104;24;25;7475;;
77;0;876;202;0;69;10;28;62208;;
77;1;962;246;0;64;20;20;28680;;
77;2;998;282;0;87;11;10;4383;;
77;3;902;311;0;97;12;11;53235;;
77;4;976;337;0;57;24;18;40243;;
77;5;836;388;0;71;12;12;35223;;
77;6;824;426;0;112;11;15;374;;
77;7;866;535;0;16;14;14;33055;;
77;8;693;579;0;50;11;18;17527;;
77;9;655;603;0;80;8;11;4383;;
77;12;843;706;0;102;21;25;52225;;
77;13;611;827;0;49;5;17;9830;;
77;14;728;818;0;46;16;12;3942;;
77;15;780;805;0;88;9;11;4383;;
77;16;576;898;0;55;21;20;6280;;
77;17;665;960;0;62;14;10;4919;;
77;18;542;890;0;65;20;20;34827;;
77;19;763;934;1;92;20;19;6348;;
77;20;780;672;2;18;20;16;13081;;
77;21;874;230;1;90;12;35;7;;
77;28;795;859;0;19;6;14;51406;;
77;30;944;332;5;38;18;8;3558;;
77;31;789;586;0;36;17;10;61376;;
77;33;780;592;1;13;18;7;52688;;
77;35;793;592;2;42;16;11;53208;;
77;36;864;254;1;104;24;25;7475;;
78;0;877;202;0;72;11;28;63232;;
78;1;963;248;0;53;21;18;28686;;
78;2;997;281;0;85;12;10;2038;;
78;3;902;311;0;108;12;12;52979;;
78;4;976;337;0;45;24;16;7475;;
78;5;836;389;0;67;11;11;6559;;
78;6;824;428;0;100;11;14;382;;
78;7;860;528;0;22;16;16;52209;;
78;8;694;579;0;64;12;17;50279;;
78;9;655;603;1;80;8;11;4383;;
78;12;843;707;0;95;21;25;52225;;
78;13;611;827;0;44;3;17;26222;;
78;14;728;818;0;46;16;12;4066;;
78;15;781;804;0;90;10;10;4383;;
78;16;576;898;0;57;20;20;4236;;
78;17;662;960;0;76;18;12;2931;;
78;18;542;890;1;65;20;20;34827;;
78;19;763;935;0;96;19;19;6349;;
78;20;780;672;3;18;20;16;13081;;
78;21;874;230;2;90;12;35;7;;
78;28;795;859;1;19;6;14;51406;;
78;30;944;332;6;38;18;8;3558;;
78;31;789;586;1;36;17;10;61376;;
78;33;780;592;2;13;18;7;52688;;
78;35;793;592;3;42;16;11;53208;;
78;36;864;254;2;104;24;25;7475;;
79;0;885;212;0;55;21;18;61704;;
79;1;963;248;0;51;21;18;28684;;
79;2;998;282;0;87;11;10;4415;;
79;3;902;311;0;104;12;11;53235;;
79;4;976;337;1;45;24;16;7475;;
79;5;835;387;0;77;11;12;34967;;
79;6;824;427;0;107;11;14;366;;
79;7;874;538;0;13;14;15;35101;;
79;8;694;579;0;72;12;16;50807;;
79;9;654;602;0;78;8;11;4415;;
79;12;843;706;0;97;21;24;52225;;
79;13;611;827;0;44;3;18;26222;;
79;14;727;817;0;46;15;12;3863;;
79;15;780;804;0;95;9;11;4383;;
79;16;575;897;0;55;17;19;4236;;
79;17;661;960;0;75;26;21;21272;;
79;18;542;890;0;65;20;20;34827;;
79;19;764;934;0;84;20;19;6284;;
79;20;783;669;0;14;15;16;4383;;
79;21;875;229;0;88;13;35;7;;
79;28;795;859;0;39;6;14;51406;;
79;30;944;332;7;38;18;8;3558;;
79;31;789;586;2;36;17;10;61376;;
79;33;780;592;3;13;18;7;52688;;
79;35;793;592;4;42;16;11;53208;;
79;36;864;254;3;104;24;25;7475;;
80;0;876;202;0;63;9;28;62208;;
80;1;963;248;0;43;15;18;12559;;
80;2;998;282;0;87;10;11;4415;;
80;3;902;311;0;102;11;12;3827;;
80;4;976;337;0;44;8;17;12295;;
80;5;835;389;0;80;12;11;35287;;
80;6;824;426;0;99;11;14;510;;
80;7;860;533;0;15;12;16;36337;;
80;8;694;579;0;37;9;17;50807;;
80;9;654;602;0;82;8;11;4383;;
80;12;843;706;0;96;21;24;52225;;
80;13;611;827;0;68;7;17;26214;;
80;14;727;819;0;46;15;12;7955;;
80;15;781;805;0;90;9;11;4383;;
80;16;575;898;0;62;5;12;52462;;
80;17;666;961;0;65;16;13;38770;;
80;18;542;890;0;66;20;20;34827;;
80;19;764;934;1;84;20;19;6284;;
80;20;785;669;0;22;20;16;13083;;
80;21;875;229;1;88;13;35;7;;
80;28;795;859;1;39;6;14;51406;;
80;30;944;332;8;38;18;8;3558;;
80;31;789;586;3;36;17;10;61376;;
80;33;780;592;4;13;18;7;52688;;
80;35;793;592;5;42;16;11;53208;;
80;36;864;254;4;104;24;25;7475;;
81;0;876;202;0;66;10;28;62208;;
81;1;962;246;0;64;20;20;28680;;
81;2;998;281;0;87;11;10;4383;;
81;3;902;311;0;100;12;11;53107;;
81;4;976;337;1;44;8;17;12295;;
81;5;840;389;0;70;12;11;35287;;
81;6;824;426;0;88;10;13;494;;
81;7;859;533;0;22;17;15;18897;;
81;8;696;582;0;69;8;12;17527;;
81;9;654;602;0;80;7;12;26214;;
81;12;843;706;0;104;21;24;52225;;
81;13;611;827;0;53;5;17;26214;;
81;14;727;818;0;45;15;11;3895;;
81;15;779;803;0;94;10;10;21791;;
81;16;577;898;0;55;20;20;12428;;
81;17;667;960;0;78;16;13;37746;;
81;18;542;890;1;66;20;20;34827;;
81;19;764;934;2;84;20;19;6284;;
81;20;785;666;0;35;23;15;4891;;
81;21;875;229;2;88;13;35;7;;
81;28;795;859;2;39;6;14;51406;;
81;30;944;332;9;38;18;8;3558;;
81;31;789;586;4;36;17;10;61376;;
81;33;780;592;5;13;18;7;52688;;
81;35;793;592;6;42;16;11;53208;;
81;36;864;254;5;104;24;25;7475;;
82;0;885;212;0;55;21;18;61704;;
82;1;963;248;0;53;21;18;28680;;
82;2;998;281;0;86;10;10;4383;;
82;3;902;311;0;96;12;12;53107;;
82;4;976;337;2;44;8;17;12295;;
82;5;836;390;0;65;12;11;35287;;
82;6;824;425;0;99;11;14;382;;
82;7;866;535;0;21;23;16;53217;;
82;8;695;584;0;72;11;8;4375;;
82;9;655;602;0;77;7;11;4383;;
82;12;843;706;0;97;21;24;52225;;
82;13;611;827;0;61;8;17;9830;;
82;14;728;818;0;44;15;11;3959;;
82;15;780;805;0;88;9;11;4383;;
82;16;576;898;0;52;18;19;4236;;
82;17;662;960;0;78;17;13;33587;;
82;18;542;890;2;66;20;20;34827;;
82;19;764;934;0;75;20;19;6280;;
82;20;785;666;1;35;23;15;4891;;
82;21;875;229;0;90;13;35;7;;
82;28;795;859;3;39;6;14;51406;;
82;31;789;586;5;36;17;10;61376;;
82;33;780;592;6;13;18;7;52688;;
82;35;793;592;7;42;16;11;53208;;
82;36;864;254;6;104;24;25;7475;;
83;0;876;203;0;67;10;27;63232;;
83;1;963;247;0;57;21;19;28680;;
83;2;998;282;0;88;11;11;4383;;
83;3;902;310;0;100;13;12;36595;;
83;4;976;337;3;44;8;17;12295;;
83;5;835;388;0;73;12;11;35287;;
83;6;824;426;0;103;11;13;382;;
83;7;860;529;0;21;20;18;36577;;
83;8;696;582;0;70;11;13;119;;
83;9;654;603;0;78;7;12;9830;;
83;12;844;707;0;102;21;26;52225;;
83;13;611;827;0;52;5;17;26214;;
83;14;728;818;0;46;16;12;12130;;
83;15;781;804;0;89;9;11;12575;;
83;16;576;897;0;52;18;19;4236;;
83;17;666;960;0;70;15;13;4919;;
83;18;542;890;3;66;20;20;34827;;
83;19;763;934;0;91;20;19;6348;;
83;20;785;666;2;35;23;15;4891;;
83;21;875;229;1;90;13;35;7;;
83;28;795;859;0;30;6;14;51406;;
83;31;789;586;6;36;17;10;61376;;
83;33;780;592;7;13;18;7;52688;;
83;35;793;592;8;42;16;11;53208;;
83;36;864;254;7;104;24;25;7475;;
83;37;874;540;0;22;21;18;36577;;
84;0;876;203;0;66;11;27;62208;;
84;1;963;247;0;61;21;19;28680;;
84;2;998;282;0;90;10;15;4983;;
84;3;902;311;0;100;11;13;1651;;
84;4;945;331;0;10;18;8;3542;;
84;5;836;389;0;77;12;12;35287;;
84;6;823;428;0;109;11;14;382;;
84;7;860;529;0;27;20;17;52961;;
84;8;695;584;0;69;9;10;287;;
84;9;654;602;0;78;8;12;10086;;
84;12;843;706;0;94;21;24;52225;;
84;13;611;828;0;36;2;17;28398;;
84;14;728;818;0;48;16;12;3942;;
84;15;781;804;0;84;9;11;4383;;
84;16;576;897;1;52;18;19;4236;;
84;17;666;960;0;67;8;11;4383;;
84;18;542;890;4;66;20;20;34827;;
84;19;763;934;0;95;19;19;6543;;
84;20;782;665;0;35;17;16;4377;;
84;21;875;229;2;90;13;35;7;;
84;28;795;859;1;30;6;14;51406;;
84;31;789;586;7;36;17;10;61376;;
84;33;780;592;8;13;18;7;52688;;
84;35;793;592;9;42;16;11;53208;;
84;36;864;254;8;104;24;25;7475;;
84;37;874;539;0;22;21;17;52961;;
85;0;877;202;0;71;25;28;62208;;
85;1;963;248;0;48;21;18;28684;;
85;2;998;281;0;88;11;11;4383;;
85;3;902;311;0;102;11;12;3827;;
85;4;976;337;0;52;22;18;7443;;
85;5;836;388;0;68;11;11;39327;;
85;6;826;425;0;90;11;11;4383;;
85;7;860;529;0;26;18;17;52721;;
85;8;696;583;0;73;10;9;4383;;
85;9;654;602;0;76;7;11;4383;;
85;12;847;708;0;89;21;25;52225;;
85;13;611;827;0;48;6;17;9830;;
85;14;727;818;0;45;11;12;26374;;
85;15;780;804;0;88;8;11;20767;;
85;16;576;898;0;54;19;20;4232;;
85;17;662;961;0;76;15;12;4915;;
85;18;542;890;5;66;20;20;34827;;
85;19;763;934;1;95;19;19;6543;;
85;20;782;666;0;36;23;16;4891;;
85;21;875;229;3;90;13;35;7;;
85;28;795;859;0;49;6;14;51406;;
85;31;789;586;8;36;17;10;61376;;
85;33;780;592;9;13;18;7;52688;;
85;36;864;254;9;104;24;25;7475;;
85;37;873;539;0;18;14;14;35101;;
86;0;876;202;0;69;11;28;62208;;
86;1;963;248;0;53;21;18;28684;;
86;2;998;282;0;88;11;11;4383;;
86;3;902;310;0;105;11;11;4383;;
86;4;976;336;0;43;22;18;6419;;
86;5;836;388;0;74;12;11;35223;;
86;6;824;427;0;103;11;14;382;;
86;7;860;530;0;19;20;17;52961;;
86;8;696;583;0;86;10;11;4383;;
86;9;654;603;0;79;7;12;9830;;
86;12;843;706;0;97;21;24;52225;;
86;13;611;827;0;42;3;17;26222;;
86;14;727;818;0;54;15;12;1811;;
86;15;780;804;1;88;8;11;20767;;
86;16;577;898;0;58;20;20;12428;;
86;17;663;961;0;71;14;12;4915;;
86;18;542;890;6;66;20;20;34827;;
86;19;756;942;0;78;8;12;3310;;
86;20;782;666;1;36;23;16;4891;;
86;21;875;229;4;90;13;35;7;;
86;28;795;859;0;21;6;12;36046;;
86;31;790;592;0;49;5;16;9838;;
86;37;874;540;0;20;21;17;52961;;
86;38;944;332;0;18;14;7;6559;;
87;0;885;212;0;52;20;18;61704;;
87;1;963;247;0;50;21;19;28686;;
87;2;998;282;0;87;10;11;4383;;
87;3;902;311;0;103;12;13;3827;;
87;4;976;336;0;45;10;19;12567;;
87;5;836;388;0;72;11;12;34975;;
87;6;824;425;0;107;11;14;366;;
87;7;860;530;0;21;15;16;53233;;
87;8;695;583;0;107;10;13;983;;
87;9;654;602;0;78;7;12;26214;;
87;12;847;708;0;100;21;25;52225;;
87;13;611;827;0;60;7;17;9830;;
87;14;728;817;0;42;15;12;10007;;
87;15;780;804;2;88;8;11;20767;;
87;16;576;897;0;50;19;19;4488;;
87;17;666;961;0;65;8;11;4383;;
87;18;542;890;7;66;20;20;34827;;
87;19;756;942;1;78;8;12;3310;;
87;20;786;670;0;12;18;16;4383;;
87;21;874;229;0;85;13;35;8199;;
87;28;795;859;0;34;6;14;44238;;
87;31;790;592;0;54;5;16;26222;;
87;37;874;540;1;20;21;17;52961;;
87;38;944;332;1;18;14;7;6559;;
88;0;885;212;0;56;21;18;61704;;
88;1;963;248;0;44;15;18;12559;;
88;2;998;281;0;88;11;10;4383;;
88;3;902;310;0;99;12;12;3827;;
88;4;976;336;1;45;10;19;12567;;
88;5;836;388;0;76;12;11;35223;;
88;6;824;427;0;95;11;14;382;;
88;7;860;529;0;19;14;16;53201;;
88;8;696;583;0;86;10;11;4383;;
88;9;655;602;0;78;7;11;4383;;
88;12;847;708;0;88;22;24;52225;;
88;13;611;827;0;56;6;17;26222;;
88;14;727;817;0;46;16;12;3954;;
88;15;780;804;0;89;9;10;5407;;
88;16;576;898;0;53;17;20;6284;;
88;17;662;960;0;66;15;13;37143;;
88;18;542;890;8;66;20;20;34827;;
88;19;764;934;0;82;19;19;6287;;
88;20;786;670;1;12;18;16;4383;;
88;21;875;229;0;101;13;35;7;;
88;28;796;859;0;52;4;14;51406;;
88;31;790;592;0;26;5;15;13175;;
88;37;873;539;0;19;14;16;53201;;
88;38;944;332;2;18;14;7;6559;;
89;0;884;212;0;51;20;18;28936;;
89;1;963;247;0;57;21;19;28684;;
89;2;998;281;0;87;11;11;4383;;
89;3;902;311;0;101;12;12;3827;;
89;4;976;336;2;45;10;19;12567;;
89;5;836;389;0;75;13;12;35287;;
89;6;824;426;0;98;11;14;382;;
89;7;860;529;0;16;13;14;51487;;
89;8;696;583;0;97;10;13;887;;
89;9;655;602;0;77;7;11;4383;;
89;12;843;706;0;96;21;24;52225;;
89;13;611;827;0;48;4;16;26214;;
89;14;727;818;0;41;15;12;7959;;
89;15;781;804;0;101;10;11;4383;;
89;16;576;897;0;51;18;19;4236;;
89;17;662;961;0;79;25;20;29464;;
89;18;542;890;9;66;20;20;34827;;
89;19;756;942;0;71;7;11;4511;;
89;20;784;669;0;11;15;16;4383;;
89;21;874;230;0;89;12;35;7;;
89;28;795;859;0;34;6;14;35022;;
89;31;791;592;0;34;17;17;52444;;
89;37;873;539;1;19;14;16;53201;;
89;38;944;332;3;18;14;7;6559;;
90;0;885;212;0;57;21;18;61704;;
90;1;963;248;0;47;15;18;12303;;
90;2;998;282;0;85;11;11;4383;;
90;3;902;310;0;104;11;12;36595;;
90;4;976;337;0;55;24;18;7475;;
90;5;839;389;0;74;13;14;35223;;
90;6;823;426;0;94;10;13;1518;;
90;7;860;529;1;16;13;14;51487;;
90;8;697;583;0;97;9;12;36606;;
90;9;655;602;0;77;7;11;4383;;
90;12;843;706;0;92;21;24;52225;;
90;13;611;827;0;47;5;16;28398;;
90;14;727;819;0;49;15;12;7959;;
90;15;781;804;0;88;10;11;4383;;
90;16;576;898;0;58;20;20;6284;;
90;17;662;960;0;87;17;13;883;;
90;18;542;890;0;61;20;20;34827;;
90;19;764;934;0;77;19;18;6285;;
90;20;782;666;0;35;23;16;4891;;
90;21;874;229;0;89;13;35;8199;;
90;28;795;859;0;36;6;14;51342;;
90;31;791;592;1;34;17;17;52444;;
90;37;873;539;2;19;14;16;53201;;
90;38;944;332;4;18;14;7;6559;;
91;0;885;212;0;59;20;18;29448;;
91;1;963;248;0;44;14;18;12559;;
91;2;998;282;0;92;11;14;895;;
91;3;902;310;0;104;12;12;36595;;
91;4;976;337;0;44;20;18;40209;;
91;5;836;388;0;77;13;12;35223;;
91;6;824;428;0;98;11;14;382;;
91;7;859;530;0;10;13;7;3327;;
91;8;696;583;0;81;9;10;4383;;
91;9;655;602;0;81;7;13;887;;
91;12;843;707;0;100;21;25;52225;;
91;13;610;827;0;49;4;17;28398;;
91;14;726;822;0;39;15;12;7959;;
91;15;781;804;0;97;10;10;4383;;
91;16;576;897;0;48;16;19;4236;;
91;17;662;961;0;75;17;12;38770;;
91;18;542;890;1;61;20;20;34827;;
91;19;763;934;0;87;20;18;6348;;
91;20;786;671;0;49;22;16;4923;;
91;21;875;229;0;95;14;35;7;;
91;28;795;859;0;35;5;16;52942;;
91;31;791;592;2;34;17;17;52444;;
91;37;873;539;3;19;14;16;53201;;
91;38;944;332;5;18;14;7;6559;;
92;0;885;212;0;53;20;18;62216;;
92;1;963;246;0;68;21;20;28684;;
92;2;998;282;0;87;11;11;4383;;
92;3;902;311;0;103;12;12;3827;;
92;4;976;337;1;44;20;18;40209;;
92;5;835;387;0;71;12;14;35223;;
92;6;824;427;0;95;11;12;1518;;
92;7;859;530;1;10;13;7;3327;;
92;8;696;583;0;92;9;13;1911;;
92;9;655;602;0;80;7;13;10086;;
92;12;844;706;0;94;21;24;52225;;
92;13;611;827;0;46;4;17;19566;;
92;14;727;822;0;40;15;12;4895;;
92;15;781;804;0;88;9;10;4383;;
92;16;576;898;0;47;8;12;36044;;
92;17;666;961;0;71;9;12;28396;;
92;18;542;890;2;61;20;20;34827;;
92;19;763;934;1;87;20;18;6348;;
92;20;785;666;0;32;23;16;4891;;
92;21;874;227;0;74;18;34;12355;;
92;28;795;859;0;44;5;15;2254;;
92;31;791;592;3;34;17;17;52444;;
92;37;873;539;4;19;14;16;53201;;
92;38;944;332;6;18;14;7;6559;;
93;0;885;212;0;56;20;18;61704;;
93;1;963;247;0;55;21;19;28684;;
93;2;998;282;0;88;11;11;4383;;
93;3;902;311;0;95;12;12;3827;;
93;4;976;337;0;48;22;18;7443;;
93;5;839;389;0;69;11;12;34975;;
93;6;824;426;0;103;11;14;382;;
93;7;859;530;2;10;13;7;3327;;
93;8;696;583;0;94;9;12;3838;;
93;9;654;602;0;77;8;11;4383;;
93;12;843;706;0;88;21;23;52225;;
93;13;611;827;0;56;7;17;26214;;
93;14;727;822;1;40;15;12;4895;;
93;15;781;805;0;83;9;11;4383;;
93;16;576;897;0;51;18;19;4492;;
93;17;662;961;0;73;16;12;6002;;
93;18;542;890;0;61;20;20;34827;;
93;19;763;934;2;87;20;18;6348;;
93;20;786;665;0;33;22;16;4923;;
93;21;874;227;0;76;18;34;12355;;
93;28;795;859;1;44;5;15;2254;;
93;31;791;592;4;34;17;17;52444;;
93;37;873;539;5;19;14;16;53201;;
93;38;944;332;7;18;14;7;6559;;
94;0;876;202;0;70;10;28;62208;;
94;1;963;248;0;44;15;18;12559;;
94;2;998;281;0;89;11;11;4383;;
94;3;902;311;0;100;11;12;36595;;
94;4;975;337;0;51;23;18;7441;;
94;5;836;388;0;70;11;12;34975;;
94;6;824;426;0;91;11;14;510;;
94;7;861;529;0;14;13;13;57629;;
94;8;696;582;0;105;10;13;33655;;
94;9;654;602;0;81;8;12;10086;;
94;12;847;708;0;95;21;25;52225;;
94;13;611;827;0;52;4;17;28398;;
94;14;727;822;0;42;8;11;8479;;
94;15;781;804;0;95;10;11;4383;;
94;16;576;898;0;50;20;18;6280;;
94;17;662;960;0;66;16;10;1906;;
94;18;542;890;1;61;20;20;34827;;
94;19;763;934;3;87;20;18;6348;;
94;20;784;669;0;22;19;16;4383;;
94;21;874;227;1;76;18;34;12355;;
94;28;796;859;0;52;5;16;52462;;
94;31;791;592;5;34;17;17;52444;;
94;37;873;539;6;19;14;16;53201;;
94;38;944;332;0;36;17;8;19938;;
95;0;885;212;0;56;21;18;61704;;
95;1;963;248;0;50;15;18;12301;;
95;2;998;281;0;86;10;11;4383;;
95;3;902;310;0;102;12;12;36595;;
95;4;975;337;1;51;23;18;7441;;
95;5;836;389;0;71;12;11;35031;;
95;6;826;424;0;100;11;13;382;;
95;7;861;529;0;20;18;15;61233;;
95;8;696;583;0;98;10;13;855;;
95;9;654;602;0;79;7;12;9830;;
95;12;843;706;0;97;21;24;52225;;
95;13;611;827;0;51;7;17;26214;;
95;14;727;822;1;42;8;11;8479;;
95;15;780;804;0;95;9;11;4383;;
95;16;576;898;0;47;20;17;6284;;
95;17;666;961;0;69;16;13;37680;;
95;18;542;890;0;63;20;20;34827;;
95;19;763;934;4;87;20;18;6348;;
95;20;785;671;0;14;15;17;4381;;
95;21;875;228;0;81;14;35;12423;;
95;28;796;859;1;52;5;16;52462;;
95;31;791;592;6;34;17;17;52444;;
95;37;873;540;0;13;14;15;49937;;
95;38;944;332;1;36;17;8;19938;;
96;0;885;212;0;58;20;18;61704;;
96;1;963;248;0;53;21;18;28680;;
96;2;998;281;0;88;11;10;4383;;
96;3;902;310;0;106;12;12;3827;;
96;4;975;337;2;51;23;18;7441;;
96;5;839;390;0;75;13;14;35287;;
96;6;824;427;0;106;11;13;366;;
96;7;862;528;0;22;22;17;52451;;
96;8;696;585;0;92;10;10;4383;;
96;9;655;602;0;84;7;13;10103;;
96;12;843;706;0;97;21;24;52225;;
96;13;611;827;0;47;6;16;28262;;
96;14;727;822;2;42;8;11;8479;;
96;15;781;805;0;89;9;11;4383;;
96;16;575;898;0;63;18;20;6284;;
96;17;667;960;0;72;16;12;6002;;
96;18;542;890;1;63;20;20;34827;;
96;19;763;934;0;93;19;18;6349;;
96;20;782;665;0;21;17;17;4381;;
96;21;875;229;0;96;15;35;8199;;
96;28;795;859;0;29;6;17;52462;;
96;31;791;592;7;34;17;17;52444;;
96;37;873;540;1;13;14;15;49937;;
96;38;944;332;2;36;17;8;19938;;
97;0;885;212;0;62;21;18;28936;;
97;1;962;247;0;55;20;19;28684;;
97;2;998;282;0;85;10;11;4415;;
97;3;902;311;0;108;12;12;3827;;
97;4;976;337;0;55;23;18;40209;;
97;5;840;389;0;80;12;12;35223;;
97;6;824;426;0;103;11;13;382;;
97;7;862;530;0;13;22;17;52451;;
97;8;696;585;0;104;9;13;18295;;
97;9;654;602;0;76;7;11;4383;;
97;12;847;708;0;89;21;25;52225;;
97;13;611;827;0;50;4;16;28398;;
97;14;725;819;0;32;15;11;3967;;
97;15;780;804;0;87;10;10;5407;;
97;16;576;897;0;60;21;19;12428;;
97;17;662;960;0;72;16;12;6002;;
97;18;542;890;2;63;20;20;34827;;
97;19;763;934;1;93;19;18;6349;;
97;20;784;669;0;14;15;17;4383;;
97;21;874;229;0;87;12;35;7;;
97;28;795;859;0;13;2;17;52430;;
97;31;791;592;8;34;17;17;52444;;
97;37;879;541;0;29;25;17;36051;;
97;38;944;332;3;36;17;8;19938;;
98;0;885;212;0;56;21;18;61704;;
98;1;963;248;0;46;15;18;12301;;
98;2;998;281;0;88;11;10;4415;;
98;3;902;311;0;104;12;12;36467;;
98;4;976;337;0;54;22;17;7443;;
98;5;836;388;0;74;11;12;34975;;
98;6;824;425;0;99;11;13;382;;
98;7;862;530;1;13;22;17;52451;;
98;8;696;582;0;105;10;13;855;;
98;9;654;602;1;76;7;11;4383;;
98;12;843;706;0;99;21;24;52225;;
98;13;611;827;0;57;3;16;28398;;
98;14;726;822;0;28;17;11;4087;;
98;15;780;804;0;85;9;10;4383;;
98;16;575;897;0;63;20;19;6280;;
98;17;661;960;0;69;25;22;29464;;
98;18;542;890;3;63;20;20;34827;;
98;19;763;934;2;93;19;18;6349;;
98;20;782;667;0;12;15;16;4379;;
98;21;874;229;1;87;12;35;7;;
98;28;795;859;0;23;5;16;52462;;
98;31;789;586;0;51;10;8;4447;;
98;37;878;540;0;24;26;15;36051;;
98;38;944;332;4;36;17;8;19938;;
99;0;885;212;0;57;21;18;61704;;
99;1;963;248;0;52;21;19;28687;;
99;2;997;282;0;91;11;11;4383;;
99;3;902;311;0;97;11;12;36595;;
99;4;976;337;0;59;24;18;6451;;
99;5;839;389;0;74;12;12;35287;;
99;6;824;428;0;94;11;13;382;;
99;7;862;530;0;23;22;15;52449;;
99;8;696;582;0;100;10;12;1879;;
99;9;654;602;0;76;7;12;26214;;
99;12;844;706;0;86;21;24;52225;;
99;13;611;827;0;45;5;17;26214;;
99;14;726;822;0;24;7;11;28959;;
99;15;781;804;0;85;9;10;4383;;
99;16;575;897;1;63;20;19;6280;;
99;17;661;960;0;72;25;22;29464;;
99;18;542;890;0;67;20;20;34827;;
99;19;756;942;0;78;8;13;36078;;
99;20;782;667;1;12;15;16;4379;;
99;21;874;229;0;83;12;35;7;;
99;28;795;859;1;23;5;16;52462;;
99;31;789;586;1;51;10;8;4447;;
99;37;878;540;1;24;26;15;36051;;
99;38;944;332;5;36;17;8;19938;;
100;0;876;202;0;68;10;28;62208;;
100;1;963;248;0;43;14;18;12559;;
100;2;998;282;0;90;10;15;4983;;
100;3;902;311;0;96;11;11;279;;
100;4;976;336;0;44;6;18;12567;;
100;5;836;389;0;74;12;12;35223;;
100;6;824;428;0;92;11;13;366;;
100;7;862;530;0;31;23;17;52961;;
100;8;696;582;0;103;10;13;34679;;
100;9;655;602;0;74;8;10;4383;;
100;12;843;706;0;101;21;24;52225;;
100;13;611;827;0;51;6;17;9830;;
100;14;726;822;1;24;7;11;28959;;
100;15;781;804;0;93;10;10;5407;;
100;16;576;898;0;56;20;20;14476;;
100;17;662;960;0;80;17;13;882;;
100;18;542;890;1;67;20;20;34827;;
100;19;756;942;1;78;8;13;36078;;
100;20;785;670;0;17;19;17;4383;;
100;21;874;229;1;83;12;35;7;;
100;28;795;859;0;59;5;19;52430;;
100;31;789;586;2;51;10;8;4447;;
100;37;879;541;0;42;25;16;36082;;
100;38;937;309;0;67;22;19;4429;;
101;0;877;202;0;70;11;28;62208;;
101;1;962;247;0;53;20;19;28684;;
101;2;998;282;0;89;10;11;4383;;
101;3;902;311;0;81;12;11;53107;;
101;4;976;336;0;46;22;19;40209;;
101;5;839;390;0;78;13;14;35223;;
101;6;824;426;0;92;11;12;4078;;
101;7;862;530;1;31;23;17;52961;;
101;8;696;583;0;94;10;12;1911;;
101;9;654;602;0;78;8;11;4383;;
101;12;844;706;0;82;21;24;52225;;
101;13;611;824;0;46;4;17;26214;;
101;14;726;822;0;11;16;8;4094;;
101;15;780;805;0;90;9;11;4383;;
101;16;576;897;0;58;20;19;6280;;
101;17;662;960;0;77;17;13;882;;
101;18;542;890;2;67;20;20;34827;;
101;19;756;942;2;78;8;13;36078;;
101;20;785;670;1;17;19;17;4383;;
101;21;874;229;2;83;12;35;7;;
101;28;795;859;0;30;5;17;52430;;
101;31;789;586;3;51;10;8;4447;;
101;37;876;536;0;13;23;16;52451;;
101;38;937;309;1;67;22;19;4429;;
102;0;885;212;0;57;21;18;28936;;
102;1;963;248;0;41;15;18;12303;;
102;2;998;282;0;87;11;10;4383;;
102;3;902;311;0;92;12;12;3955;;
102;4;976;337;0;48;22;18;7443;;
102;5;836;389;0;71;12;14;35223;;
102;6;823;427;0;100;11;13;366;;
102;7;863;531;0;35;22;17;52961;;
102;8;695;581;0;97;11;11;4383;;
102;9;654;602;1;78;8;11;4383;;
102;12;843;706;0;105;21;24;52225;;
102;13;611;828;0;48;4;17;19694;;
102;14;726;822;0;24;7;11;20767;;
102;15;780;805;0;100;10;11;20767;;
102;16;576;898;0;53;18;20;6280;;
102;17;662;961;0;80;16;12;6002;;
102;18;542;890;0;62;20;20;34827;;
102;19;756;942;3;78;8;13;36078;;
102;20;785;670;2;17;19;17;4383;;
102;21;874;229;3;83;12;35;7;;
102;28;795;859;0;23;5;19;52430;;
102;31;789;586;4;51;10;8;4447;;
102;37;876;536;1;13;23;16;52451;;
102;38;937;309;2;67;22;19;4429;;
103;0;885;212;0;58;20;19;28936;;
103;1;962;246;0;62;20;20;28684;;
103;2;998;281;0;85;11;11;4383;;
103;3;902;311;0;97;12;12;3827;;
103;4;976;337;0;40;7;18;12311;;
103;5;836;389;0;71;12;11;35287;;
103;6;824;426;0;105;11;14;382;;
103;7;864;530;0;42;24;15;52451;;
103;8;694;581;0;93;13;12;18295;;
103;9;654;602;0;77;8;10;4383;;
103;12;843;706;0;88;21;23;52225;;
103;13;611;827;0;51;6;16;26214;;
103;14;726;822;0;13;6;12;58926;;
103;15;781;804;0;86;9;11;20767;;
103;16;576;898;1;53;18;20;6280;;
103;17;665;961;0;71;16;13;38770;;
103;18;542;890;1;62;20;20;34827;;
103;19;756;942;4;78;8;13;36078;;
103;20;783;668;0;36;19;16;4383;;
103;21;875;229;0;99;13;35;23;;
103;28;795;859;0;58;5;20;52972;;
103;31;789;586;5;51;10;8;4447;;
103;37;879;540;0;51;25;15;36051;;
103;38;937;309;3;67;22;19;4429;;
104;0;876;202;0;68;11;28;62208;;
104;1;963;248;0;48;14;18;12559;;
104;2;998;281;0;83;11;10;4415;;
104;3;902;311;0;95;12;11;53107;;
104;4;976;336;0;54;8;18;12551;;
104;5;836;389;0;69;12;11;35287;;
104;6;824;427;0;94;11;13;1382;;
104;7;864;530;0;46;23;15;36545;;
104;8;694;580;0;99;13;14;51063;;
104;9;654;602;0;77;7;11;4415;;
104;12;843;706;0;96;21;24;52225;;
104;13;611;827;0;65;8;18;9830;;
104;14;727;822;0;23;11;12;25390;;
104;15;781;805;0;95;10;11;4383;;
104;16;576;898;0;57;19;20;4232;;
104;17;661;961;0;83;25;21;29464;;
104;18;542;890;0;62;20;20;34831;;
104;19;756;942;5;78;8;13;36078;;
104;20;782;666;0;20;17;17;4383;;
104;21;875;229;1;99;13;35;23;;
104;28;795;859;0;32;6;16;52462;;
104;31;789;587;0;37;7;12;26476;;
104;37;879;540;1;51;25;15;36051;;
104;38;937;309;4;67;22;19;4429;;
105;0;885;212;0;53;21;18;61704;;
105;1;963;248;0;47;15;18;12559;;
105;2;998;281;0;85;10;11;4383;;
105;3;902;311;0;96;11;12;52979;;
105;4;976;337;0;39;6;17;12807;;
105;5;840;389;0;73;12;11;35223;;
105;6;824;426;0;104;11;13;382;;
105;7;864;530;0;53;24;16;52417;;
105;8;694;581;0;95;13;13;51063;;
105;9;654;602;1;77;7;11;4415;;
105;12;847;706;0;98;21;24;52225;;
105;13;595;827;0;90;8;17;26214;;
105;14;727;822;1;23;11;12;25390;;
105;15;781;805;1;95;10;11;4383;;
105;16;576;898;1;57;19;20;4232;;
105;17;651;962;0;81;18;13;819;;
105;18;542;890;1;62;20;20;34831;;
105;19;756;942;6;78;8;13;36078;;
105;20;782;666;1;20;17;17;4383;;
105;21;874;229;0;83;12;35;7;;
105;28;795;859;1;32;6;16;52462;;
105;31;789;587;1;37;7;12;26476;;
105;37;879;540;2;51;25;15;36051;;
105;38;937;309;5;67;22;19;4429;;
105;39;690;950;0;103;22;21;52243;;
106;0;876;202;0;71;11;28;62208;;
106;1;963;247;0;55;21;19;28680;;
106;2;998;282;0;88;10;13;2046;;
106;3;902;311;0;91;12;11;53107;;
106;4;976;337;0;49;21;17;40209;;
106;5;840;388;0;80;12;12;35223;;
106;6;824;426;0;95;11;13;382;;
106;7;864;530;0;58;23;17;36545;;
106;8;694;580;0;92;13;13;34679;;
106;9;655;602;0;79;7;11;4383;;
106;12;843;706;0;88;21;23;52225;;
106;13;611;827;0;52;5;17;9838;;
106;14;727;821;0;31;7;14;18030;;
106;15;781;805;2;95;10;11;4383;;
106;16;576;897;0;46;16;19;4236;;
106;17;663;960;0;75;15;11;4919;;
106;18;542;890;0;63;20;20;34827;;
106;19;764;934;0;90;20;19;6280;;
106;20;782;666;2;20;17;17;4383;;
106;21;874;229;1;83;12;35;7;;
106;28;795;859;0;29;3;20;52974;;
106;31;789;587;2;37;7;12;26476;;
106;37;879;540;3;51;25;15;36051;;
106;38;937;309;6;67;22;19;4429;;
106;39;690;950;1;103;22;21;52243;;
107;0;885;212;0;53;21;18;61704;;
107;1;962;247;0;55;20;19;28684;;
107;2;998;281;0;91;11;11;4383;;
107;3;902;311;0;98;11;12;20211;;
107;4;976;337;0;53;22;18;7443;;
107;5;836;389;0;74;11;12;35223;;
107;6;824;426;0;102;11;14;510;;
107;7;865;530;0;64;24;17;52433;;
107;8;696;581;0;102;11;13;18295;;
107;9;655;602;1;79;7;11;4383;;
107;12;843;706;0;90;21;24;52225;;
107;13;611;827;0;44;5;16;28262;;
107;14;727;822;0;27;7;11;28959;;
107;15;781;804;0;97;10;11;4383;;
107;16;576;897;1;46;16;19;4236;;
107;17;662;960;0;69;16;13;37746;;
107;18;542;890;1;63;20;20;34827;;
107;19;763;934;0;97;19;19;6349;;
107;20;782;666;3;20;17;17;4383;;
107;21;875;229;0;92;13;35;7;;
107;28;795;859;0;40;4;20;52974;;
107;31;789;586;0;21;8;13;1399;;
107;37;879;540;4;51;25;15;36051;;
107;38;937;309;7;67;22;19;4429;;
107;39;690;950;2;103;22;21;52243;;
108;0;875;202;0;68;10;28;62208;;
108;1;962;247;0;56;20;19;28684;;
108;2;997;281;0;84;11;10;4383;;
108;3;902;311;0;96;12;12;3827;;
108;4;976;337;1;53;22;18;7443;;
108;5;835;389;0;72;11;11;4447;;
108;6;824;427;0;106;11;14;382;;
108;7;864;530;0;74;23;17;36577;;
108;8;696;582;0;99;10;12;53111;;
108;9;655;603;0;84;7;14;1910;;
108;12;847;708;0;82;20;24;52225;;
108;13;611;827;0;58;8;17;26214;;
108;14;727;821;0;33;7;13;26158;;
108;15;781;804;0;94;10;11;20767;;
108;16;575;897;0;57;17;19;4236;;
108;17;662;961;0;75;15;12;4915;;
108;18;542;890;2;63;20;20;34827;;
108;19;763;934;1;97;19;19;6349;;
108;20;786;670;0;11;16;16;12571;;
108;21;875;229;1;92;13;35;7;;
108;28;795;859;0;49;6;20;52972;;
108;31;789;586;1;21;8;13;1399;;
108;37;879;540;5;51;25;15;36051;;
108;38;937;309;8;67;22;19;4429;;
108;39;690;950;3;103;22;21;52243;;
109;0;885;212;0;58;21;18;28936;;
109;1;962;246;0;67;20;20;28684;;
109;2;998;281;0;87;11;11;4383;;
109;3;902;310;0;95;18;21;119;;
109;4;976;336;0;42;22;18;7441;;
109;5;836;389;0;72;11;12;35031;;
109;6;824;426;0;102;11;14;382;;
109;7;865;530;0;59;23;17;36033;;
109;8;696;582;0;101;11;12;51031;;
109;9;654;602;0;81;8;11;4383;;
109;12;843;706;0;97;21;24;52225;;
109;13;611;827;0;50;6;16;26214;;
109;14;727;821;1;33;7;13;26158;;
109;15;781;804;1;94;10;11;20767;;
109;16;575;897;1;57;17;19;4236;;
109;17;663;961;0;68;16;12;6002;;
109;18;542;890;3;63;20;20;34827;;
109;19;764;934;0;82;20;19;6280;;
109;20;786;670;1;11;16;16;12571;;
109;21;875;229;0;98;13;35;7;;
109;28;795;859;0;39;5;21;52974;;
109;31;790;598;0;16;7;11;4383;;
109;37;879;540;6;51;25;15;36051;;
109;38;937;309;9;67;22;19;4429;;
109;39;690;950;4;103;22;21;52243;;
109;40;911;530;0;65;22;8;408;;
110;0;877;202;0;69;11;28;62208;;
110;1;962;246;0;61;20;20;28684;;
110;2;999;282;0;87;11;11;4383;;
110;3;902;310;0;94;16;21;119;;
110;4;976;336;1;42;22;18;7441;;
110;5;836;388;0;72;11;11;39327;;
110;6;823;426;0;96;12;14;4470;;
110;7;864;530;0;61;22;16;52417;;
110;8;695;582;0;85;13;13;18263;;
110;9;654;603;0;77;8;11;4383;;
110;12;844;709;0;83;20;23;52225;;
110;13;611;827;0;48;4;17;27886;;
110;14;727;822;0;35;7;13;26478;;
110;15;780;804;0;84;9;10;20767;;
110;16;576;898;0;60;20;20;6280;;
110;17;666;962;0;63;17;12;1907;;
110;18;542;890;4;63;20;20;34827;;
110;19;763;935;0;92;19;19;6349;;
110;20;784;671;0;11;15;16;4383;;
110;21;875;229;1;98;13;35;7;;
110;28;795;859;0;43;6;20;52460;;
110;31;790;598;1;16;7;11;4383;;
110;37;879;540;7;51;25;15;36051;;
110;39;690;950;5;103;22;21;52243;;
110;40;911;530;1;65;22;8;408;;
111;0;885;212;0;59;20;18;62216;;
111;1;963;248;0;46;14;18;12559;;
111;2;998;282;0;93;12;14;4991;;
111;3;902;310;0;98;12;12;3827;;
111;4;976;336;2;42;22;18;7441;;
111;5;836;389;0;69;11;12;34967;;
111;6;824;426;0;97;11;14;382;;
111;7;864;531;0;44;23;17;52929;;
111;8;695;581;0;97;13;12;18291;;
111;9;654;602;0;83;7;13;10103;;
111;12;843;706;0;93;21;24;52225;;
111;13;611;827;0;49;4;18;9830;;
111;14;727;822;1;35;7;13;26478;;
111;15;780;804;0;95;10;11;5407;;
111;16;575;898;0;64;19;18;6284;;
111;17;662;960;0;72;16;10;33650;;
111;18;542;890;0;61;20;20;34831;;
111;19;764;934;0;78;20;19;6280;;
111;20;781;666;0;26;20;16;13081;;
111;21;875;229;0;90;14;35;7;;
111;28;795;859;0;35;5;20;52972;;
111;31;790;598;2;16;7;11;4383;;
111;37;879;540;8;51;25;15;36051;;
111;39;690;950;6;103;22;21;52243;;
111;40;911;530;2;65;22;8;408;;
112;0;885;212;0;53;20;18;61704;;
112;1;962;247;0;52;20;19;28680;;
112;2;998;282;0;87;11;12;9980;;
112;3;902;311;0;100;11;12;52979;;
112;4;976;337;0;48;7;18;12295;;
112;5;836;390;0;73;10;12;35223;;
112;6;823;426;0;108;11;14;382;;
112;7;866;536;0;44;20;15;35987;;
112;8;693;577;0;83;13;12;59155;;
112;9;654;602;0;79;7;11;4383;;
112;12;844;706;0;94;21;24;52225;;
112;13;611;827;0;53;4;18;26222;;
112;14;726;821;0;31;7;14;18286;;
112;15;781;805;0;95;10;11;20767;;
112;16;576;897;0;52;19;19;4236;;
112;17;662;960;0;72;17;11;882;;
112;18;542;890;1;61;20;20;34831;;
112;19;764;934;1;78;20;19;6280;;
112;20;782;665;0;26;20;17;13083;;
112;21;875;228;0;80;13;34;7;;
112;28;795;859;0;47;5;20;52460;;
112;31;779;592;0;14;8;11;4375;;
112;37;879;540;9;51;25;15;36051;;
112;39;690;950;7;103;22;21;52243;;
112;40;911;530;3;65;22;8;408;;
113;0;884;212;0;56;20;19;12552;;
113;1;962;246;0;63;20;20;28684;;
113;2;997;280;0;85;11;11;4383;;
113;3;902;310;0;97;12;11;53235;;
113;4;976;336;0;51;8;17;12295;;
113;5;836;389;0;78;12;12;35287;;
113;6;823;426;0;103;11;13;366;;
113;7;867;536;0;42;21;13;35991;;
113;8;694;577;0;87;13;15;34675;;
113;9;654;602;0;84;8;12;9830;;
113;12;844;706;0;94;21;24;52225;;
113;13;611;827;0;49;4;17;28398;;
113;14;725;821;0;30;17;5;255;;
113;15;781;803;0;83;9;10;4383;;
113;16;577;897;0;55;20;20;12428;;
113;17;666;960;0;62;16;13;37744;;
113;18;542;890;2;61;20;20;34831;;
113;19;764;934;2;78;20;19;6280;;
113;20;782;665;0;34;23;16;4891;;
113;21;875;229;0;94;13;35;7;;
113;28;795;859;0;44;5;21;52462;;
113;31;779;592;1;14;8;11;4375;;
113;39;690;950;8;103;22;21;52243;;
113;40;911;530;4;65;22;8;408;;
114;0;885;212;0;51;20;18;61704;;
114;1;962;246;0;62;20;20;28680;;
114;2;998;281;0;92;11;15;4991;;
114;3;902;310;0;105;13;12;36595;;
114;4;976;337;0;56;24;18;7475;;
114;5;836;389;0;80;13;12;35223;;
114;6;823;426;0;103;11;11;4383;;
114;7;867;535;0;37;21;14;35991;;
114;8;696;582;0;99;10;13;51031;;
114;9;655;602;0;77;7;11;4383;;
114;12;843;706;0;86;21;23;52225;;
114;13;611;827;0;49;3;16;28398;;
114;14;725;822;0;32;17;12;4082;;
114;15;781;803;1;83;9;10;4383;;
114;16;576;897;0;61;20;19;6280;;
114;17;666;961;0;77;15;12;4915;;
114;18;542;890;0;65;20;20;34827;;
114;19;763;934;0;90;19;18;6349;;
114;20;782;665;1;34;23;16;4891;;
114;21;874;230;0;88;13;35;7;;
114;28;795;859;0;42;5;20;52460;;
114;31;789;587;0;55;9;10;4383;;
114;39;690;950;9;103;22;21;52243;;
114;40;911;530;5;65;22;8;408;;
114;41;944;332;0;37;18;8;3558;;
115;0;876;202;0;73;12;28;62208;;
115;1;963;248;0;48;21;18;28942;;
115;2;998;281;0;84;12;10;1910;;
115;3;902;311;0;102;12;12;36595;;
115;4;976;336;0;50;8;18;12551;;
115;5;836;388;0;81;11;11;39327;;
115;6;824;426;0;101;11;14;350;;
115;7;867;535;0;30;6;13;26214;;
115;8;696;585;0;98;10;12;26487;;
115;9;654;603;0;77;8;11;4383;;
115;12;843;706;0;107;21;24;52225;;
115;13;611;827;0;46;4;18;9838;;
115;14;726;821;0;38;16;13;12258;;
115;15;781;804;0;93;10;11;4383;;
115;16;575;897;0;58;17;19;4236;;
115;17;666;961;0;75;10;12;30446;;
115;18;542;890;1;65;20;20;34827;;
115;19;763;934;1;90;19;18;6349;;
115;20;785;666;0;34;23;16;4891;;
115;21;874;230;1;88;13;35;7;;
115;28;795;859;0;44;6;20;52460;;
115;31;789;587;1;55;9;10;4383;;
115;40;911;530;6;65;22;8;408;;
115;41;944;332;1;37;18;8;3558;;
116;0;876;202;0;71;11;28;62208;;
116;1;963;248;0;44;14;18;12559;;
116;2;998;282;0;85;11;9;4383;;
116;3;902;311;0;99;12;11;53107;;
116;4;976;336;0;35;19;17;40211;;
116;5;835;389;0;80;12;12;35223;;
116;6;823;427;0;98;11;14;382;;
116;7;869;536;0;49;19;15;36039;;
116;8;696;582;0;99;10;12;18295;;
116;9;654;603;1;77;8;11;4383;;
116;12;843;706;0;90;21;23;52225;;
116;13;611;827;0;49;5;17;26222;;
116;14;726;822;0;33;7;12;60972;;
116;15;781;804;0;91;10;10;20767;;
116;16;576;897;0;55;19;19;4232;;
116;17;666;961;0;74;9;12;28396;;
116;18;542;890;2;65;20;20;34827;;
116;19;763;934;2;90;19;18;6349;;
116;20;784;669;0;11;15;16;12575;;
116;21;874;230;2;88;13;35;7;;
116;28;795;859;0;38;5;20;52972;;
116;31;789;587;2;55;9;10;4383;;
116;40;911;530;7;65;22;8;408;;
116;41;944;332;2;37;18;8;3558;;
117;0;885;212;0;55;21;18;61704;;
117;1;963;248;0;48;21;18;28686;;
117;2;998;282;0;88;11;11;4383;;
117;3;902;311;0;102;12;13;36595;;
117;4;976;336;1;35;19;17;40211;;
117;5;836;388;0;76;12;12;35223;;
117;6;824;425;0;103;11;14;382;;
117;7;868;536;0;43;19;12;36063;;
117;8;696;581;0;98;12;11;51059;;
117;9;655;602;0;78;7;11;4383;;
117;12;843;706;0;103;21;24;52225;;
117;13;611;827;0;59;7;16;26214;;
117;14;727;822;0;58;11;12;26406;;
117;15;781;804;0;88;10;11;20767;;
117;16;578;898;0;59;19;20;12428;;
117;17;666;960;0;71;15;11;4919;;
117;18;542;890;3;65;20;20;34827;;
117;19;756;942;0;76;7;12;36078;;
117;20;784;669;1;11;15;16;12575;;
117;21;874;230;3;88;13;35;7;;
117;28;795;859;0;31;6;20;52972;;
117;31;789;587;3;55;9;10;4383;;
117;40;911;530;8;65;22;8;408;;
117;41;944;332;3;37;18;8;3558;;
118;0;876;202;0;67;10;28;62208;;
118;1;963;248;0;48;20;18;28680;;
118;2;998;281;0;88;11;11;4383;;
118;3;902;311;0;97;12;12;3827;;
118;4;975;337;0;57;23;18;7441;;
118;5;840;388;0;69;11;12;35223;;
118;6;823;426;0;90;11;10;4383;;
118;7;864;533;0;60;18;15;52433;;
118;8;696;581;0;99;10;12;51063;;
118;9;654;603;0;78;7;12;9830;;
118;12;843;706;0;88;21;23;52225;;
118;13;611;827;0;45;6;15;9831;;
118;14;727;822;0;39;9;11;12575;;
118;15;780;805;0;96;10;11;4383;;
118;16;576;897;0;55;20;19;6280;;
118;17;666;961;0;75;16;13;38768;;
118;18;542;890;4;65;20;20;34827;;
118;19;757;942;0;68;7;12;36078;;
118;20;781;666;0;15;15;16;12573;;
118;21;874;230;4;88;13;35;7;;
118;28;795;859;0;44;6;20;52972;;
118;31;790;598;0;28;10;9;4383;;
118;40;911;530;9;65;22;8;408;;
118;41;944;332;4;37;18;8;3558;;
119;0;876;202;0;68;11;28;62208;;
119;1;963;247;0;54;21;19;28684;;
119;2;998;281;0;89;11;12;10102;;
119;3;902;311;0;97;12;12;36595;;
119;4;976;337;0;46;22;18;7443;;
119;5;836;389;0;72;12;12;35223;;
119;6;824;427;0;88;11;13;366;;
119;7;863;533;0;63;23;16;20193;;
119;8;695;582;0;93;11;12;51063;;
119;9;654;603;0;76;8;12;10086;;
119;12;847;707;0;94;21;24;52225;;
119;13;611;827;0;47;7;16;26214;;
119;14;727;822;0;44;7;11;20767;;
119;15;780;805;0;90;10;11;20767;;
119;16;576;898;0;55;18;20;6280;;
119;17;666;961;0;74;8;12;13926;;
119;18;542;890;5;65;20;20;34827;;
119;19;763;934;0;89;19;18;6349;;
119;20;781;666;1;15;15;16;12573;;
119;21;874;230;5;88;13;35;7;;
119;28;795;859;0;34;5;20;52972;;
119;31;790;598;1;28;10;9;4383;;
119;41;944;332;5;37;18;8;3558;;
120;0;876;202;0;72;11;28;62208;;
120;1;963;248;0;45;15;18;12557;;
120;2;998;282;0;86;10;11;4415;;
120;3;902;311;0;101;13;12;3827;;
120;4;976;336;0;47;22;18;7443;;
120;5;838;390;0;68;12;12;34967;;
120;6;824;428;0;102;11;13;382;;
120;7;863;534;0;60;24;15;20177;;
120;8;696;582;0;84;10;12;18291;;
120;9;655;602;0;78;8;10;4383;;
120;12;843;706;0;88;21;23;52225;;
120;13;611;827;0;50;5;17;26222;;
120;14;729;822;0;59;7;12;28396;;
120;15;781;803;0;88;9;11;4383;;
120;16;576;898;0;55;20;19;6280;;
120;17;662;960;0;74;16;13;38768;;
120;18;542;890;0;63;20;20;34827;;
120;19;763;934;1;89;19;18;6349;;
120;20;781;666;2;15;15;16;12573;;
120;21;874;230;6;88;13;35;7;;
120;28;795;859;0;39;5;20;52972;;
120;31;789;586;0;41;10;9;4383;;
120;41;944;332;6;37;18;8;3558;;
121;0;876;202;0;68;24;28;62208;;
121;1;962;247;0;51;20;20;28680;;
121;2;997;282;0;90;12;11;10228;;
121;3;902;310;0;106;12;12;20211;;
121;4;976;337;0;53;24;17;7475;;
121;5;840;389;0;74;11;11;6559;;
121;6;823;428;0;100;11;14;382;;
121;7;863;534;0;64;25;17;20177;;
121;8;696;581;0;78;10;11;287;;
121;9;654;602;0;80;8;12;10103;;
121;12;847;708;0;91;21;25;52225;;
121;13;611;827;0;44;5;16;26214;;
121;14;728;822;0;49;9;11;4383;;
121;15;781;803;1;88;9;11;4383;;
121;16;576;898;1;55;20;19;6280;;
121;17;664;961;0;67;9;12;13158;;
121;18;542;890;1;63;20;20;34827;;
121;19;763;934;2;89;19;18;6349;;
121;20;781;666;3;15;15;16;12573;;
121;21;874;230;7;88;13;35;7;;
121;28;795;859;0;24;3;13;34958;;
121;31;789;585;0;35;10;14;895;;
121;41;944;332;7;37;18;8;3558;;
122;0;885;212;0;60;21;18;61704;;
122;1;963;247;0;50;21;19;28684;;
122;2;998;281;0;84;10;10;4383;;
122;3;902;311;0;109;12;12;3827;;
122;4;976;337;0;38;21;18;40209;;
122;5;839;388;0;83;12;11;35223;;
122;6;824;428;0;94;11;14;382;;
122;7;863;534;0;53;21;19;28353;;
122;8;696;581;0;76;10;11;287;;
122;9;654;602;0;74;8;10;4383;;
122;12;843;706;0;92;21;24;52225;;
122;13;611;827;0;58;8;18;9830;;
122;14;727;822;0;45;16;10;2034;;
122;15;780;804;0;82;9;10;5407;;
122;16;575;897;0;56;17;19;4300;;
122;17;661;960;0;66;25;22;29464;;
122;18;542;890;0;63;20;20;34827;;
122;19;763;934;3;89;19;18;6349;;
122;20;786;669;0;12;14;17;4383;;
122;21;874;229;0;86;12;35;7;;
122;28;795;859;0;28;4;20;52974;;
122;31;789;585;1;35;10;14;895;;
122;41;944;332;8;37;18;8;3558;;
123;0;885;212;0;59;21;18;28936;;
123;1;962;246;0;61;20;20;28684;;
123;2;998;282;0;83;11;11;4383;;
123;3;902;311;0;100;11;12;52979;;
123;4;976;337;1;38;21;18;40209;;
123;5;840;389;0;70;13;12;35223;;
123;6;824;425;0;94;11;13;382;;
123;7;866;534;0;26;23;10;1773;;
123;8;694;581;0;71;12;12;51059;;
123;9;654;602;0;82;7;12;26222;;
123;12;843;706;0;101;21;24;52225;;
123;13;611;827;0;54;5;15;9839;;
123;14;730;822;0;66;9;12;58884;;
123;15;780;805;0;90;9;11;4383;;
123;16;576;897;0;49;16;19;4236;;
123;17;666;960;0;68;16;12;38770;;
123;18;542;890;1;63;20;20;34827;;
123;19;763;934;0;96;20;18;6284;;
123;20;784;669;0;22;19;15;4383;;
123;21;874;230;0;89;12;35;7;;
123;28;795;859;0;38;6;20;52972;;
123;31;789;585;0;51;11;9;4383;;
123;41;944;332;9;37;18;8;3558;;
124;0;885;212;0;54;20;18;29448;;
124;1;963;248;0;48;15;18;12559;;
124;2;997;281;0;88;11;10;4383;;
124;3;900;311;0;95;12;11;51059;;
124;4;976;337;0;47;22;18;40211;;
124;5;839;389;0;70;12;11;34975;;
124;6;824;428;0;98;11;14;382;;
124;7;866;536;0;29;23;15;3801;;
124;8;696;581;0;82;12;11;59251;;
124;9;655;602;0;78;7;11;4383;;
124;12;843;706;0;85;21;23;52225;;
124;13;611;827;0;47;5;16;19694;;
124;14;730;819;0;51;8;12;26116;;
124;15;779;801;0;83;9;10;28959;;
124;16;576;898;0;54;19;20;6284;;
124;17;666;960;0;68;16;11;37746;;
124;18;542;890;2;63;20;20;34827;;
124;19;763;934;1;96;20;18;6284;;
124;20;786;669;0;36;10;9;4383;;
124;21;874;229;0;87;13;35;8199;;
124;28;795;859;0;37;5;20;52972;;
124;31;789;585;0;36;10;9;4383;;
125;0;877;202;0;76;11;28;62208;;
125;1;962;247;0;51;20;19;28680;;
125;2;998;281;0;90;11;12;10238;;
125;3;902;311;0;99;12;12;3827;;
125;4;976;337;0;46;21;18;7441;;
125;5;836;389;0;71;11;12;34967;;
125;6;823;426;0;103;11;14;382;;
125;7;867;535;0;41;24;12;3825;;
125;8;694;580;0;73;13;12;50995;;
125;9;654;603;0;80;8;11;4383;;
125;12;843;706;0;100;21;24;52225;;
125;13;611;827;0;47;4;17;28398;;
125;14;727;822;0;50;7;12;58988;;
125;15;781;804;0;90;10;10;20767;;
125;16;575;898;0;61;18;18;2188;;
125;17;662;959;0;76;16;12;882;;
125;18;542;890;3;63;20;20;34827;;
125;19;763;934;2;96;20;18;6284;;
125;20;782;665;0;81;11;9;4383;;
125;21;874;229;1;87;13;35;8199;;
125;28;795;859;0;38;6;20;52972;;
125;31;789;586;0;21;10;9;4383;;
125;42;944;332;0;19;14;7;6623;;
126;0;885;212;0;50;20;18;28936;;
126;1;963;248;0;43;14;18;12559;;
126;2;998;282;0;90;11;12;1788;;
126;3;902;311;0;97;12;12;36467;;
126;4;976;337;0;51;7;18;12295;;
126;5;836;389;0;68;11;12;34975;;
126;6;823;427;0;106;11;13;366;;
126;7;867;534;0;35;24;11;3315;;
126;8;694;580;0;59;16;12;50803;;
126;9;655;603;0;79;7;12;9830;;
126;12;843;706;0;92;20;24;52225;;
126;13;611;827;0;50;4;17;28398;;
126;14;728;822;0;43;7;11;25375;;
126;15;780;804;0;88;9;10;20767;;
126;16;575;897;0;60;18;19;4236;;
126;17;662;960;0;78;18;13;33587;;
126;18;542;890;0;69;20;20;34827;;
126;19;763;934;3;96;20;18;6284;;
126;20;782;665;1;81;11;9;4383;;
126;21;875;229;0;89;13;35;7;;
126;28;795;859;0;44;5;20;52460;;
126;31;789;586;1;21;10;9;4383;;
126;42;944;332;1;19;14;7;6623;;
126;43;673;217;0;19;17;17;64512;;
127;0;876;202;0;73;10;28;62208;;
127;1;962;248;0;45;20;18;28680;;
127;2;998;281;0;87;10;12;10102;;
127;3;900;311;0;95;12;12;3699;;
127;4;976;337;1;51;7;18;12295;;
127;5;836;388;0;71;12;12;35223;;
127;6;823;427;0;100;11;14;382;;
127;7;867;536;0;34;22;14;3826;;
127;8;695;582;0;68;12;12;51031;;
127;9;655;602;0;78;7;12;9838;;
127;12;844;708;0;92;22;24;52225;;
127;13;611;827;0;40;3;15;9839;;
127;14;727;822;0;52;7;12;26156;;
127;15;781;803;0;86;9;10;21791;;
127;16;577;898;0;61;20;20;12428;;
127;17;667;961;0;68;10;12;9830;;
127;18;542;890;1;69;20;20;34827;;
127;19;763;935;0;91;19;19;6351;;
127;20;782;665;2;81;11;9;4383;;
127;21;875;229;1;89;13;35;7;;
127;28;795;859;0;36;5;20;52428;;
127;31;789;586;0;32;6;12;8511;;
127;42;944;332;2;19;14;7;6623;;
127;43;673;217;1;19;17;17;64512;;
128;0;885;212;0;55;21;18;28936;;
128;1;963;248;0;51;21;18;28940;;
128;2;998;281;0;90;10;11;4383;;
128;3;902;311;0;94;12;11;51059;;
128;4;976;337;0;57;23;17;7443;;
128;5;836;389;0;68;10;12;35287;;
128;6;824;427;0;92;12;11;6118;;
128;7;866;536;0;34;19;13;2039;;
128;8;695;580;0;70;12;11;53107;;
128;9;654;602;0;80;8;11;4383;;
128;12;843;706;0;104;21;24;52225;;
128;13;611;827;0;54;5;17;26214;;
128;14;730;822;0;41;7;12;61036;;
128;15;781;805;0;92;9;11;4383;;
128;16;576;897;0;62;20;19;4232;;
128;17;664;961;0;80;17;13;33651;;
128;18;542;890;2;69;20;20;34827;;
128;19;763;935;1;91;19;19;6351;;
128;20;782;665;3;81;11;9;4383;;
128;21;875;229;0;94;13;35;7;;
128;28;795;859;0;37;6;20;52940;;
128;31;789;586;1;32;6;12;8511;;
128;42;944;332;0;33;13;7;7630;;
128;43;673;217;0;18;16;16;65280;;
129;0;876;202;0;69;10;28;62208;;
129;1;963;248;0;44;14;18;12559;;
129;2;998;282;0;84;11;10;4383;;
129;3;902;311;0;98;12;12;51059;;
129;4;976;337;1;57;23;17;7443;;
129;5;836;388;0;68;11;11;39327;;
129;6;824;427;0;92;11;12;7662;;
129;7;866;536;0;48;22;10;1780;;
129;8;695;581;0;62;9;10;799;;
129;9;654;602;1;80;8;11;4383;;
129;12;843;706;0;95;21;24;52225;;
129;13;610;827;0;48;6;16;9830;;
129;14;730;822;0;26;7;12;26220;;
129;15;780;802;0;87;10;10;20767;;
129;16;575;898;0;59;9;12;36044;;
129;17;666;961;0;62;9;12;28398;;
129;18;542;890;0;61;20;20;34823;;
129;19;763;934;0;90;19;19;6349;;
129;20;782;665;4;81;11;9;4383;;
129;21;875;229;1;94;13;35;7;;
129;28;795;859;0;33;2;21;61134;;
129;31;789;585;0;25;6;13;29471;;
129;42;944;332;1;33;13;7;7630;;
129;43;673;217;1;18;16;16;65280;;
130;0;877;202;0;73;11;28;62208;;
130;1;962;247;0;56;20;19;28684;;
130;2;998;282;0;90;10;11;4383;;
130;3;902;311;0;100;13;13;36467;;
130;4;976;337;0;50;22;18;7443;;
130;5;836;388;0;70;10;11;6559;;
130;6;823;426;0;95;11;14;350;;
130;7;864;536;0;51;17;12;4084;;
130;8;695;579;0;70;12;12;51059;;
130;9;654;602;2;80;8;11;4383;;
130;12;844;709;0;101;22;25;52225;;
130;13;611;827;0;57;7;18;9831;;
130;14;729;822;0;28;7;12;26476;;
130;15;780;803;0;80;9;10;20767;;
130;16;575;898;0;61;9;12;36044;;
130;17;662;960;0;82;17;13;1906;;
130;18;542;890;1;61;20;20;34823;;
130;19;764;934;0;78;20;19;6280;;
130;20;784;669;0;22;19;16;4383;;
130;21;875;229;2;94;13;35;7;;
130;28;795;859;0;16;2;20;60622;;
130;31;789;585;1;25;6;13;29471;;
130;42;944;332;2;33;13;7;7630;;
130;43;673;217;2;18;16;16;65280;;
131;0;876;202;0;68;10;28;62208;;
131;1;963;248;0;48;21;18;28680;;
131;2;998;281;0;91;10;12;10230;;
131;3;900;311;0;98;12;12;36467;;
131;4;975;337;0;58;23;17;7569;;
131;5;835;388;0;70;11;11;39327;;
131;6;823;426;0;101;11;13;334;;
131;7;863;535;0;68;15;13;4383;;
131;8;695;579;0;77;13;15;1591;;
131;9;654;602;0;78;7;11;4383;;
131;12;844;706;0;93;22;24;52225;;
131;13;611;827;0;57;8;19;9831;;
131;14;727;822;0;28;7;12;58990;;
131;15;781;804;0;87;9;10;20767;;
131;16;578;899;0;56;19;21;12428;;
131;17;667;961;0;64;16;12;37746;;
131;18;542;890;0;65;20;20;34827;;
131;19;764;934;1;78;20;19;6280;;
131;20;782;666;0;29;7;11;4383;;
131;21;875;229;3;94;13;35;7;;
131;28;795;859;0;34;5;20;52428;;
131;31;789;585;2;25;6;13;29471;;
131;42;944;332;3;33;13;7;7630;;
131;43;673;217;3;18;16;16;65280;;
132;0;885;212;0;58;20;18;61704;;
132;1;962;246;0;68;20;20;28680;;
132;2;999;282;0;87;11;13;2046;;
132;3;902;311;0;99;12;12;36467;;
132;4;975;337;1;58;23;17;7569;;
132;5;836;388;0;74;12;12;35287;;
132;6;823;426;0;95;11;14;382;;
132;7;863;535;0;51;14;12;4383;;
132;8;695;580;0;69;12;13;1907;;
132;9;655;603;0;78;7;12;26214;;
132;12;847;706;0;104;22;24;52225;;
132;13;611;827;0;59;7;17;9830;;
132;14;727;823;0;27;7;11;28959;;
132;15;781;804;1;87;9;10;20767;;
132;16;575;897;0;55;17;19;4236;;
132;17;666;961;0;77;9;12;28396;;
132;18;542;890;1;65;20;20;34827;;
132;19;763;934;0;88;19;18;6349;;
132;20;782;666;1;29;7;11;4383;;
132;21;874;229;0;84;12;35;7;;
132;28;795;859;0;35;5;20;52940;;
132;31;789;585;3;25;6;13;29471;;
132;42;944;332;4;33;13;7;7630;;
132;43;673;217;4;18;16;16;65280;;
133;0;876;202;0;72;11;28;62208;;
133;1;963;248;0;45;15;18;12557;;
133;2;998;282;0;89;10;10;4383;;
133;3;902;311;0;98;12;12;51059;;
133;4;975;337;2;58;23;17;7569;;
133;5;836;389;0;72;12;11;35287;;
133;6;824;426;0;101;11;14;366;;
133;7;863;535;0;56;14;12;4383;;
133;8;694;580;0;69;10;12;26419;;
133;9;654;602;0;84;8;12;10086;;
133;12;843;706;0;105;20;25;52289;;
133;13;610;827;0;43;3;17;26222;;
133;14;726;823;0;25;5;12;25198;;
133;15;781;804;2;87;9;10;20767;;
133;16;575;897;1;55;17;19;4236;;
133;17;662;961;0;68;15;12;4915;;
133;18;542;890;2;65;20;20;34827;;
133;19;763;934;0;97;20;19;6348;;
133;20;782;666;2;29;7;11;4383;;
133;21;874;229;1;84;12;35;7;;
133;28;795;859;0;25;5;20;52428;;
133;31;789;586;0;26;6;12;12655;;
133;42;944;332;5;33;13;7;7630;;
133;43;673;217;5;18;16;16;65280;;
134;0;885;212;0;56;20;18;61704;;
134;1;963;248;0;48;21;24;28897;;
134;2;998;282;0;85;11;11;4383;;
134;3;902;311;0;98;12;12;36467;;
134;4;975;337;3;58;23;17;7569;;
134;5;836;389;0;71;12;12;34967;;
134;6;824;426;0;100;11;13;366;;
134;7;863;535;0;65;14;14;4383;;
134;8;695;580;0;62;14;10;1911;;
134;9;655;602;0;77;7;12;26214;;
134;12;843;706;0;104;21;24;52225;;
134;13;611;827;0;44;4;17;28398;;
134;14;727;822;0;30;7;12;26126;;
134;15;781;804;0;91;9;11;20767;;
134;16;577;898;0;57;20;20;12428;;
134;17;662;960;0;69;17;12;33587;;
134;18;542;890;3;65;20;20;34827;;
134;19;763;934;1;97;20;19;6348;;
134;20;783;669;0;20;17;16;4377;;
134;21;875;228;0;82;13;35;8323;;
134;28;795;859;0;16;1;20;60622;;
134;31;778;593;0;11;5;12;13095;;
134;42;944;332;6;33;13;7;7630;;
134;43;673;217;6;18;16;16;65280;;
135;0;876;202;0;68;11;28;62208;;
135;1;963;248;0;46;21;18;28680;;
135;2;998;281;0;89;11;11;4383;;
135;3;901;311;0;97;12;11;51059;;
135;4;976;337;0;52;24;19;7475;;
135;5;840;390;0;73;12;14;1367;;
135;6;824;426;0;100;11;12;5582;;
135;7;865;535;0;46;7;14;13070;;
135;8;695;579;0;62;13;12;34423;;
135;9;654;602;0;80;8;11;4415;;
135;12;843;706;0;98;21;24;52225;;
135;13;611;827;0;42;3;17;28270;;
135;14;727;819;0;34;7;11;4383;;
135;15;781;804;0;101;10;11;4383;;
135;16;576;898;0;52;16;20;6284;;
135;17;667;961;0;70;17;13;883;;
135;18;542;890;4;65;20;20;34827;;
135;19;763;934;0;91;20;19;6348;;
135;20;784;668;0;40;18;16;4383;;
135;21;875;228;1;82;13;35;8323;;
135;28;795;859;0;23;5;20;52460;;
135;31;778;593;1;11;5;12;13095;;
135;42;944;332;7;33;13;7;7630;;
135;43;673;217;7;18;16;16;65280;;
136;0;885;212;0;58;21;18;28936;;
136;1;963;248;0;47;20;18;28684;;
136;2;998;281;0;84;10;12;9982;;
136;3;901;311;0;103;12;12;36467;;
136;4;976;337;1;52;24;19;7475;;
136;5;836;389;0;78;12;11;35223;;
136;6;824;426;0;98;11;14;382;;
136;7;864;535;0;52;11;16;28390;;
136;8;698;585;0;75;14;17;36471;;
136;9;655;603;0;84;7;12;9830;;
136;12;843;706;0;90;21;24;52225;;
136;13;611;827;0;43;5;16;28262;;
136;14;728;822;0;46;7;12;26150;;
136;15;781;804;1;101;10;11;4383;;
136;16;576;898;1;52;16;20;6284;;
136;17;665;960;0;69;17;12;34674;;
136;18;542;890;5;65;20;20;34827;;
136;19;763;934;1;91;20;19;6348;;
136;20;784;668;1;40;18;16;4383;;
136;21;874;229;0;80;13;35;8199;;
136;28;795;859;0;31;5;20;52972;;
136;31;789;579;0;76;8;12;10103;;
136;42;944;332;8;33;13;7;7630;;
136;43;673;217;8;18;16;16;65280;;
137;0;876;203;0;67;10;27;63232;;
137;1;962;246;0;63;20;20;28680;;
137;2;998;282;0;87;12;11;10228;;
137;3;900;311;0;105;12;13;36467;;
137;4;975;337;0;39;21;17;7441;;
137;5;839;389;0;74;12;14;35223;;
137;6;824;426;0;93;11;13;382;;
137;7;863;535;0;47;11;15;12574;;
137;8;694;578;0;74;13;14;52343;;
137;9;655;603;1;84;7;12;9830;;
137;12;843;706;0;93;21;24;52225;;
137;13;611;827;0;50;5;17;26214;;
137;14;730;822;0;46;7;12;25126;;
137;15;781;804;2;101;10;11;4383;;
137;16;576;898;0;58;20;20;6284;;
137;17;665;961;0;74;10;12;26214;;
137;18;542;890;6;65;20;20;34827;;
137;19;763;934;0;87;19;19;6287;;
137;20;784;668;2;40;18;16;4383;;
137;21;874;229;1;80;13;35;8199;;
137;28;795;859;0;31;5;21;52974;;
137;31;789;579;1;76;8;12;10103;;
137;42;937;309;0;65;22;19;4556;;
137;43;673;217;9;18;16;16;65280;;
138;0;876;202;0;70;10;28;62208;;
138;1;963;247;0;57;21;19;28684;;
138;2;998;281;0;88;10;11;4415;;
138;3;900;311;0;94;12;11;51059;;
138;4;976;336;0;42;20;17;40209;;
138;5;836;388;0;74;12;12;35223;;
138;6;823;426;0;104;11;14;366;;
138;7;863;535;0;52;15;16;32518;;
138;8;694;577;0;67;13;11;35959;;
138;9;655;602;0;75;7;11;4383;;
138;12;843;706;0;101;21;24;52225;;
138;13;611;827;0;49;4;16;28398;;
138;14;727;822;0;43;8;12;24851;;
138;15;781;804;3;101;10;11;4383;;
138;16;576;898;0;51;16;20;6284;;
138;17;662;961;0;67;16;12;38768;;
138;18;542;890;7;65;20;20;34827;;
138;19;764;934;0;85;19;19;6541;;
138;20;782;666;0;33;10;9;4383;;
138;21;874;229;2;80;13;35;8199;;
138;28;795;859;0;37;5;20;52972;;
138;31;789;586;0;16;5;16;30583;;
138;42;937;309;1;65;22;19;4556;;
139;0;885;212;0;55;21;18;28936;;
139;1;962;246;0;66;20;20;28684;;
139;2;998;282;0;84;10;11;4383;;
139;3;901;311;0;92;12;12;18291;;
139;4;976;337;0;55;9;18;28679;;
139;5;836;389;0;70;10;12;35287;;
139;6;824;427;0;102;11;13;366;;
139;7;862;534;0;53;13;15;12567;;
139;8;695;578;0;79;15;13;35959;;
139;9;654;602;0;77;7;11;4383;;
139;12;843;706;0;89;21;23;52225;;
139;13;611;827;0;51;6;16;28262;;
139;14;726;822;0;44;7;11;12575;;
139;15;781;804;4;101;10;11;4383;;
139;16;575;898;0;59;9;12;36044;;
139;17;662;960;0;73;16;13;38706;;
139;18;542;890;8;65;20;20;34827;;
139;19;763;934;0;88;19;18;6349;;
139;20;782;666;1;33;10;9;4383;;
139;21;874;228;0;78;13;35;8323;;
139;28;795;859;0;34;3;20;52974;;
139;31;789;586;1;16;5;16;30583;;
139;42;937;309;2;65;22;19;4556;;
140;0;876;202;0;78;11;28;62208;;
140;1;963;247;0;52;21;19;28686;;
140;2;998;282;0;88;10;11;4383;;
140;3;902;311;0;100;12;12;3699;;
140;4;976;336;0;44;20;19;40209;;
140;5;838;389;0;73;13;14;35287;;
140;6;824;426;0;100;11;13;1390;;
140;7;862;532;0;54;13;14;14615;;
140;8;695;580;0;60;12;14;34423;;
140;9;654;602;0;80;7;11;4383;;
140;12;844;706;0;94;21;24;52225;;
140;13;611;827;0;48;6;19;9831;;
140;14;727;822;0;46;7;11;12575;;
140;15;781;805;0;86;9;11;12575;;
140;16;575;898;0;60;10;12;36044;;
140;17;666;961;0;62;8;12;28396;;
140;18;542;890;9;65;20;20;34827;;
140;19;763;934;0;88;19;18;6349;;
140;20;784;669;0;25;19;17;4383;;
140;21;874;228;1;78;13;35;8323;;
140;28;795;859;0;36;4;20;52972;;
140;31;789;586;2;16;5;16;30583;;
140;42;937;309;3;65;22;19;4556;;
141;0;876;202;0;67;10;28;62208;;
141;1;963;248;0;47;21;18;28680;;
141;2;998;282;0;84;10;11;4383;;
141;3;902;311;0;102;12;12;3699;;
141;4;976;336;0;43;21;18;7441;;
141;5;836;388;0;73;13;12;35287;;
141;6;824;427;0;97;11;14;382;;
141;7;862;535;0;64;12;15;5463;;
141;8;695;580;0;70;12;14;34679;;
141;9;655;602;0;78;7;12;26214;;
141;12;844;706;0;82;21;24;52225;;
141;13;611;827;0;54;8;17;26214;;
141;14;727;822;0;57;8;12;26422;;
141;15;781;804;0;90;10;10;4383;;
141;16;576;897;0;55;19;19;4492;;
141;17;662;960;0;75;17;13;33650;;
141;19;756;942;0;73;7;12;3310;;
141;20;782;666;0;37;23;17;4895;;
141;21;874;228;2;78;13;35;8323;;
141;28;795;859;0;31;3;20;52972;;
141;31;789;586;3;16;5;16;30583;;
141;42;937;309;4;65;22;19;4556;;
141;44;673;217;0;18;16;16;65280;;
142;0;885;212;0;54;21;18;28936;;
142;1;963;248;0;48;15;18;12559;;
142;2;998;281;0;86;10;10;4383;;
142;3;902;311;0;107;13;11;3827;;
142;4;976;336;1;43;21;18;7441;;
142;5;836;389;0;76;12;14;35223;;
142;6;824;426;0;101;11;14;382;;
142;7;862;533;0;58;12;11;39253;;
142;8;695;581;0;61;13;14;36471;;
142;9;654;602;0;82;7;13;10086;;
142;12;845;709;0;81;20;24;52225;;
142;13;611;827;0;60;6;19;9830;;
142;14;727;822;0;49;7;12;25126;;
142;15;780;804;0;90;9;11;12575;;
142;16;576;898;0;53;19;18;6284;;
142;17;661;960;0;84;17;13;33651;;
142;19;756;942;1;73;7;12;3310;;
142;20;782;666;1;37;23;17;4895;;
142;21;874;230;0;88;12;35;7;;
142;28;795;859;0;45;5;20;52972;;
142;31;789;586;4;16;5;16;30583;;
142;42;937;309;5;65;22;19;4556;;
142;44;673;217;1;18;16;16;65280;;
143;0;885;212;0;52;21;18;61704;;
143;1;962;247;0;54;20;19;28940;;
143;2;998;282;0;83;10;10;4415;;
143;3;902;310;0;100;12;12;36467;;
143;4;976;336;2;43;21;18;7441;;
143;5;835;387;0;69;10;11;39327;;
143;6;824;427;0;103;11;13;382;;
143;7;861;533;0;38;5;12;30583;;
143;8;695;580;0;72;14;15;34423;;
143;9;654;602;1;82;7;13;10086;;
143;12;843;706;0;89;21;23;52225;;
143;13;611;827;0;55;6;17;26222;;
143;14;727;822;0;43;14;12;4895;;
143;15;780;805;0;95;9;11;4383;;
143;16;576;897;0;59;20;19;14472;;
143;17;662;960;0;71;16;11;38706;;
143;19;756;942;2;73;7;12;3310;;
143;20;782;666;0;20;17;17;4381;;
143;21;874;230;1;88;12;35;7;;
143;28;795;859;0;34;4;20;52972;;
143;31;789;586;5;16;5;16;30583;;
143;42;937;309;6;65;22;19;4556;;
143;44;673;217;2;18;16;16;65280;;
144;0;876;202;0;67;10;28;62208;;
144;1;963;248;0;43;15;18;12559;;
144;2;998;281;0;86;10;10;4383;;
144;3;901;311;0;106;12;11;20339;;
144;4;976;337;0;57;24;18;7475;;
144;5;836;388;0;74;13;14;35223;;
144;6;824;427;0;102;11;14;382;;
144;7;861;535;0;62;7;16;30583;;
144;8;695;580;0;89;15;16;52851;;
144;9;655;602;0;76;8;11;4415;;
144;12;843;706;0;98;21;24;52225;;
144;13;610;827;0;48;3;18;9838;;
144;14;729;822;0;46;8;12;25398;;
144;15;781;803;0;79;10;11;20767;;
144;16;576;898;0;56;20;20;6280;;
144;17;662;960;0;87;17;13;882;;
144;19;756;942;3;73;7;12;3310;;
144;20;783;669;0;22;17;16;4377;;
144;21;874;230;2;88;12;35;7;;
144;28;795;859;0;43;5;20;52972;;
144;31;790;597;0;17;6;13;12623;;
144;42;937;309;7;65;22;19;4556;;
144;44;673;217;3;18;16;16;65280;;
145;0;885;212;0;57;21;18;61704;;
145;1;962;247;0;57;20;19;28684;;
145;2;998;282;0;87;10;13;1918;;
145;3;902;311;0;103;13;11;3827;;
145;4;976;337;1;57;24;18;7475;;
145;5;839;390;0;71;12;12;35287;;
145;6;824;427;0;107;11;14;382;;
145;7;860;534;0;48;7;14;30583;;
145;8;695;581;0;75;12;12;18295;;
145;9;654;602;0;74;8;11;4383;;
145;12;843;706;0;80;21;23;52225;;
145;13;611;827;0;57;7;18;9830;;
145;14;729;822;0;44;8;12;25363;;
145;15;781;804;0;94;10;11;4383;;
145;16;576;898;0;54;20;20;14476;;
145;17;666;960;0;72;16;13;37682;;
145;19;764;934;0;79;19;19;6543;;
145;20;783;669;0;21;17;16;4381;;
145;21;874;230;3;88;12;35;7;;
145;28;795;859;0;27;5;20;52460;;
145;31;790;597;1;17;6;13;12623;;
145;42;937;309;8;65;22;19;4556;;
145;44;673;217;4;18;16;16;65280;;
146;0;876;202;0;71;24;28;62208;;
146;1;963;247;0;57;21;19;28684;;
146;2;998;281;0;89;10;13;1918;;
146;3;901;311;0;106;12;12;52851;;
146;4;976;337;0;47;21;18;7441;;
146;5;836;388;0;67;10;12;35223;;
146;6;824;425;0;97;11;14;382;;
146;7;859;534;0;49;7;17;30583;;
146;8;695;580;0;71;11;14;50807;;
146;9;655;603;0;73;7;11;4415;;
146;12;843;706;0;97;21;24;52225;;
146;13;611;828;0;58;7;17;26214;;
146;14;729;819;0;57;8;12;26375;;
146;15;781;804;0;84;9;11;4383;;
146;16;576;898;0;52;20;20;6284;;
146;17;661;960;0;73;16;13;37681;;
146;19;764;934;1;79;19;19;6543;;
146;20;784;669;0;11;15;16;4383;;
146;21;874;230;4;88;12;35;7;;
146;28;795;859;0;41;5;20;52972;;
146;31;790;592;0;21;5;13;6007;;
146;42;937;309;9;65;22;19;4556;;
146;44;673;217;5;18;16;16;65280;;
147;0;876;202;0;66;10;28;62208;;
147;1;963;247;0;55;21;19;28680;;
147;2;998;281;0;89;10;11;4383;;
147;3;902;311;0;97;11;11;4375;;
147;4;976;336;0;44;7;18;12551;;
147;5;836;388;0;69;11;11;39327;;
147;6;823;426;0;98;10;14;350;;
147;7;861;534;0;58;7;16;30583;;
147;8;696;580;0;82;12;15;50807;;
147;9;654;602;0;85;8;13;10087;;
147;12;844;706;0;96;21;24;52225;;
147;13;611;827;0;49;3;16;28398;;
147;14;729;819;0;46;9;11;4383;;
147;15;780;805;0;89;9;11;4383;;
147;16;576;898;1;52;20;20;6284;;
147;17;666;961;0;66;15;11;4919;;
147;19;764;934;2;79;19;19;6543;;
147;20;784;669;1;11;15;16;4383;;
147;21;874;230;5;88;12;35;7;;
147;28;795;859;0;38;3;20;52974;;
147;31;790;592;0;32;7;15;13119;;
147;42;944;332;0;22;14;8;6559;;
147;44;673;217;6;18;16;16;65280;;
147;45;774;595;0;22;8;14;13183;;
148;0;885;212;0;56;20;18;29448;;
148;1;963;247;0;49;21;19;28684;;
148;2;998;282;0;90;11;11;4383;;
148;3;901;311;0;95;12;10;18291;;
148;4;976;337;0;46;22;17;7441;;
148;5;836;388;0;72;12;12;35223;;
148;6;824;428;0;99;11;14;382;;
148;7;859;535;0;50;7;15;29491;;
148;8;694;580;0;99;13;15;18227;;
148;9;654;602;0;78;7;12;26222;;
148;12;844;706;0;93;21;24;52225;;
148;13;611;827;0;46;6;16;26214;;
148;14;729;818;0;40;8;11;4895;;
148;15;781;804;0;81;9;10;4383;;
148;16;576;898;2;52;20;20;6284;;
148;17;662;961;0;70;16;12;37744;;
148;19;764;934;0;90;20;19;6280;;
148;20;785;670;0;13;19;15;4383;;
148;21;875;229;0;95;14;35;7;;
148;28;795;859;0;39;5;20;52972;;
148;31;790;592;0;25;6;15;14175;;
148;42;944;332;0;25;16;8;19938;;
148;44;673;217;7;18;16;16;65280;;
148;45;774;595;1;22;8;14;13183;;
149;0;876;202;0;67;23;28;62208;;
149;1;963;248;0;52;21;18;28682;;
149;2;998;282;0;85;11;11;4415;;
149;3;902;311;0;103;12;12;52851;;
149;4;976;337;1;46;22;17;7441;;
149;5;836;389;0;69;13;11;2199;;
149;6;823;426;0;97;11;11;4383;;
149;7;861;534;0;45;7;13;30551;;
149;8;695;579;0;78;12;14;18039;;
149;9;654;602;0;76;8;11;4415;;
149;12;843;706;0;98;21;24;52225;;
149;13;611;827;0;54;5;16;28398;;
149;14;727;818;0;44;16;6;4095;;
149;15;780;805;0;88;9;10;4383;;
149;16;575;897;0;57;17;19;4236;;
149;17;662;960;0;75;17;12;33650;;
149;19;757;942;0;64;6;12;36078;;
149;20;785;670;1;13;19;15;4383;;
149;21;875;229;1;95;14;35;7;;
149;28;795;859;0;46;5;20;52972;;
149;31;790;592;1;25;6;15;14175;;
149;42;944;332;1;25;16;8;19938;;
149;44;673;217;8;18;16;16;65280;;
149;45;774;595;2;22;8;14;13183;;
149;46;542;890;0;64;20;20;34827;;
150;0;885;212;0;56;21;18;28936;;
150;1;963;248;0;46;15;18;12303;;
150;2;998;281;0;88;10;11;4415;;
150;3;902;311;0;100;12;12;3827;;
150;4;975;337;0;53;25;17;7443;;
150;5;836;388;0;79;13;15;3415;;
150;6;823;426;0;91;11;13;382;;
150;7;861;534;0;66;7;15;14135;;
150;8;694;579;0;88;13;15;18035;;
150;9;654;602;0;80;7;12;26214;;
150;12;843;706;0;104;21;24;52225;;
150;13;611;827;0;44;3;17;28262;;
150;14;729;818;0;51;11;12;58918;;
150;15;781;804;0;86;9;10;21791;;
150;16;576;898;0;54;17;20;6280;;
150;17;666;961;0;71;10;12;26342;;
150;19;757;942;1;64;6;12;36078;;
150;20;785;670;2;13;19;15;4383;;
150;21;875;229;0;94;13;35;7;;
150;28;796;860;0;60;5;13;52366;;
150;31;790;592;2;25;6;15;14175;;
150;42;944;332;2;25;16;8;19938;;
150;44;673;217;9;18;16;16;65280;;
150;45;774;595;3;22;8;14;13183;;
150;46;542;890;0;63;20;20;34827;;
151;0;876;202;0;72;11;28;62208;;
151;1;963;248;0;50;21;18;28936;;
151;2;998;282;0;88;10;11;4383;;
151;3;900;311;0;97;12;12;36467;;
151;4;976;337;0;49;21;18;7441;;
151;5;836;388;0;82;12;12;35223;;
151;6;823;426;0;107;11;13;382;;
151;7;861;534;0;61;8;18;30583;;
151;8;694;579;0;93;13;15;18035;;
151;9;655;602;0;83;8;12;10086;;
151;12;843;706;1;104;21;24;52225;;
151;13;611;827;0;59;5;18;9838;;
151;14;729;819;0;56;10;12;59142;;
151;15;781;804;0;84;9;11;20767;;
151;16;576;897;0;57;20;19;14472;;
151;17;662;960;0;79;17;12;882;;
151;19;763;934;0;95;19;19;6285;;
151;20;782;665;0;33;11;9;4383;;
151;21;875;229;1;94;13;35;7;;
151;28;795;859;0;32;5;19;52430;;
151;31;790;592;3;25;6;15;14175;;
151;42;944;332;3;25;16;8;19938;;
151;45;774;595;4;22;8;14;13183;;
151;46;542;890;0;67;20;20;34827;;
151;47;635;821;0;71;16;21;32887;;
152;0;885;212;0;53;20;18;61704;;
152;1;963;247;0;57;21;19;28684;;
152;2;998;281;0;88;11;11;4383;;
152;3;902;311;0;101;12;12;52851;;
152;4;976;337;0;46;21;18;39953;;
152;5;836;389;0;73;11;12;34975;;
152;6;823;428;0;102;11;13;366;;
152;7;861;540;0;59;9;17;26231;;
152;8;694;579;0;89;13;15;18035;;
152;9;655;602;1;83;8;12;10086;;
152;12;843;706;0;86;21;23;52225;;
152;13;611;827;0;55;8;16;26214;;
152;14;729;819;0;67;11;11;12575;;
152;15;780;804;0;98;10;11;20767;;
152;16;575;898;0;60;9;12;36044;;
152;17;667;961;0;67;9;12;28396;;
152;19;764;934;0;81;20;19;6284;;
152;20;781;666;0;30;8;12;20791;;
152;21;876;229;0;99;14;35;7;;
152;28;796;859;0;72;4;20;52460;;
152;31;790;592;4;25;6;15;14175;;
152;42;944;332;4;25;16;8;19938;;
152;45;774;595;5;22;8;14;13183;;
152;46;542;890;0;63;20;20;34827;;
152;47;635;821;1;71;16;21;32887;;
153;0;885;212;0;53;20;18;62216;;
153;1;963;248;0;48;15;18;12559;;
153;2;998;281;0;88;10;11;4383;;
153;3;901;311;0;100;12;13;1651;;
153;4;976;337;0;50;7;17;12295;;
153;5;836;389;0;70;11;11;4383;;
153;6;824;427;0;103;11;13;4462;;
153;7;861;540;0;49;9;16;26214;;
153;8;695;580;0;88;12;15;51059;;
153;9;654;602;0;75;7;11;4383;;
153;12;843;706;0;104;21;24;52225;;
153;13;611;827;0;49;5;17;26222;;
153;14;729;818;0;46;10;12;26374;;
153;15;780;804;0;84;9;11;28959;;
153;16;575;897;0;56;7;11;110;;
153;17;666;961;0;78;8;12;26342;;
153;19;764;934;0;77;19;18;6287;;
153;20;781;666;1;30;8;12;20791;;
153;21;874;229;0;80;12;35;7;;
153;28;795;859;0;37;3;21;61166;;
153;31;790;592;5;25;6;15;14175;;
153;42;944;332;5;25;16;8;19938;;
153;45;774;595;6;22;8;14;13183;;
153;46;542;890;1;63;20;20;34827;;
153;47;635;821;2;71;16;21;32887;;
153;48;974;389;0;84;8;10;4383;;
154;0;885;212;0;49;20;18;61704;;
154;1;962;247;0;57;20;19;28684;;
154;2;999;282;0;91;11;11;4383;;
154;3;902;311;0;95;12;11;53107;;
154;4;975;337;0;49;6;18;12567;;
154;5;835;387;0;69;11;11;39327;;
154;6;824;425;0;107;11;12;7662;;
154;7;863;541;0;60;9;16;26214;;
154;8;695;580;0;83;12;15;18231;;
154;9;654;603;0;79;8;12;9830;;
154;12;843;706;0;92;21;24;52225;;
154;13;611;827;0;63;7;16;26214;;
154;14;728;818;0;53;10;12;26370;;
154;15;781;804;0;88;9;10;20767;;
154;16;576;897;0;58;20;19;6280;;
154;17;663;960;0;64;13;12;12595;;
154;19;764;934;1;77;19;18;6287;;
154;20;781;666;2;30;8;12;20791;;
154;21;874;229;1;80;12;35;7;;
154;28;795;859;0;46;5;20;52428;;
154;31;790;592;6;25;6;15;14175;;
154;42;937;309;0;69;22;20;4556;;
154;45;774;595;7;22;8;14;13183;;
154;46;542;890;2;63;20;20;34827;;
154;47;635;821;3;71;16;21;32887;;
154;48;974;389;1;84;8;10;4383;;
155;0;876;202;0;69;11;28;62208;;
155;1;963;248;0;54;21;18;28684;;
155;2;998;281;0;89;11;10;4383;;
155;3;902;311;0;93;13;13;3699;;
155;4;975;337;0;54;23;17;7441;;
155;5;836;388;0;70;11;12;34975;;
155;6;824;426;0;93;10;14;382;;
155;7;863;541;1;60;9;16;26214;;
155;8;698;585;0;69;10;14;50999;;
155;9;655;602;0;75;7;11;4415;;
155;12;843;706;0;110;21;24;52225;;
155;13;611;827;0;49;7;17;9830;;
155;14;729;819;0;57;10;12;26370;;
155;15;781;807;0;87;9;10;20767;;
155;16;576;898;0;49;16;20;6284;;
155;17;661;960;0;83;26;21;21272;;
155;19;764;935;0;84;20;20;6284;;
155;20;786;669;0;36;10;9;4383;;
155;21;874;229;2;80;12;35;7;;
155;28;795;859;0;22;3;20;52974;;
155;31;790;592;7;25;6;15;14175;;
155;42;937;309;1;69;22;20;4556;;
155;45;774;595;8;22;8;14;13183;;
155;46;542;890;3;63;20;20;34827;;
155;47;635;821;4;71;16;21;32887;;
155;48;974;389;2;84;8;10;4383;;
156;0;885;212;0;54;20;18;29448;;
156;1;963;248;0;44;14;18;12559;;
156;2;998;282;0;88;10;11;4415;;
156;3;902;311;0;95;11;11;4383;;
156;4;976;336;0;46;7;18;12575;;
156;5;836;389;0;66;11;12;35031;;
156;6;824;427;0;99;11;14;366;;
156;7;863;541;2;60;9;16;26214;;
156;8;694;579;0;81;13;15;17971;;
156;9;655;602;1;75;7;11;4415;;
156;12;844;707;0;91;21;24;52225;;
156;13;611;827;0;46;4;17;28398;;
156;14;729;819;1;57;10;12;26370;;
156;15;781;807;1;87;9;10;20767;;
156;16;577;898;0;59;20;20;12428;;
156;17;666;960;0;70;16;13;38770;;
156;19;764;935;1;84;20;20;6284;;
156;20;786;670;0;29;22;16;4923;;
156;21;875;229;0;90;13;35;7;;
156;28;795;859;0;41;5;20;52460;;
156;31;790;592;8;25;6;15;14175;;
156;42;937;309;2;69;22;20;4556;;
156;45;774;595;9;22;8;14;13183;;
156;46;542;890;4;63;20;20;34827;;
156;47;635;821;5;71;16;21;32887;;
156;48;974;389;3;84;8;10;4383;;
157;0;885;212;0;61;21;18;28936;;
157;1;963;248;0;48;15;18;12559;;
157;2;998;282;0;86;10;11;4383;;
157;3;902;311;0;93;12;11;20339;;
157;4;976;337;0;53;21;18;7441;;
157;5;840;388;0;75;11;11;4383;;
157;6;824;428;0;98;11;13;350;;
157;7;864;542;0;57;10;15;4375;;
157;8;694;580;0;73;14;14;18227;;
157;9;655;602;0;76;7;11;4383;;
157;12;844;706;0;89;21;24;52225;;
157;13;610;827;0;51;4;16;28262;;
157;14;728;819;0;57;10;12;30467;;
157;15;781;804;0;90;10;10;20767;;
157;16;577;899;0;55;18;21;4236;;
157;17;661;960;0;75;26;22;21272;;
157;19;764;935;2;84;20;20;6284;;
157;20;786;667;0;10;14;16;4383;;
157;21;875;228;0;87;13;35;12423;;
157;28;795;859;0;47;5;20;52460;;
157;31;790;592;9;25;6;15;14175;;
157;42;937;309;3;69;22;20;4556;;
157;46;542;890;5;63;20;20;34827;;
157;47;635;821;6;71;16;21;32887;;
157;48;974;389;4;84;8;10;4383;;
158;0;885;212;0;58;21;18;61704;;
158;1;963;248;0;50;21;18;28684;;
158;2;998;281;0;88;9;12;9982;;
158;3;902;310;0;96;12;11;53107;;
158;4;976;337;0;37;21;17;7441;;
158;5;836;388;0;73;13;14;35287;;
158;6;823;426;0;95;11;11;4383;;
158;7;864;542;1;57;10;15;4375;;
158;8;695;579;0;71;11;13;34423;;
158;9;655;602;0;74;7;12;1638;;
158;12;843;706;0;105;21;24;52225;;
158;13;611;827;0;49;3;16;28398;;
158;14;728;822;0;56;10;11;12575;;
158;15;780;805;0;92;9;12;30054;;
158;16;577;899;1;55;18;21;4236;;
158;17;662;960;0;66;16;13;38770;;
158;19;763;934;0;95;20;19;6348;;
158;20;786;667;0;10;14;16;4381;;
158;21;875;228;1;87;13;35;12423;;
158;28;795;859;0;23;5;21;52462;;
158;42;937;309;4;69;22;20;4556;;
158;46;542;890;6;63;20;20;34827;;
158;47;635;821;7;71;16;21;32887;;
158;48;974;389;5;84;8;10;4383;;
159;0;876;202;0;68;11;28;62208;;
159;1;963;248;0;47;15;18;12559;;
159;2;998;281;0;86;11;10;4383;;
159;3;902;311;0;100;11;12;3699;;
159;4;976;337;0;30;5;17;12567;;
159;5;836;389;0;77;12;12;35223;;
159;6;823;426;0;92;10;13;238;;
159;7;864;542;2;57;10;15;4375;;
159;8;695;579;0;83;12;14;52855;;
159;9;655;602;0;83;7;12;26214;;
159;12;843;706;0;106;21;24;52225;;
159;13;611;827;0;41;3;16;28398;;
159;14;729;821;0;47;10;10;12575;;
159;15;780;805;1;92;9;12;30054;;
159;16;576;897;0;58;20;19;4232;;
159;17;666;961;0;71;15;12;4915;;
159;19;756;942;0;78;7;12;3310;;
159;20;784;669;0;21;19;16;4383;;
159;21;875;228;2;87;13;35;12423;;
159;28;795;859;0;27;4;20;60654;;
159;42;937;309;5;69;22;20;4556;;
159;46;542;890;7;63;20;20;34827;;
159;47;635;821;8;71;16;21;32887;;
159;48;974;389;6;84;8;10;4383;;
160;0;876;202;0;69;11;28;62208;;
160;1;963;248;0;45;15;18;12301;;
160;2;998;282;0;88;12;10;10228;;
160;3;902;311;0;101;12;12;52979;;
160;4;976;337;0;44;22;18;40209;;
160;5;836;388;0;71;12;12;35287;;
160;6;824;428;0;109;11;14;1358;;
160;7;864;542;3;57;10;15;4375;;
160;8;695;579;0;76;11;14;36471;;
160;9;654;603;0;79;7;12;1638;;
160;12;843;706;0;97;21;24;52225;;
160;13;611;827;0;48;4;17;28398;;
160;14;729;819;0;66;12;7;4094;;
160;15;781;804;0;98;10;10;5407;;
160;16;576;898;0;59;20;20;6284;;
160;17;661;960;0;73;25;22;29464;;
160;19;756;942;1;78;7;12;3310;;
160;20;785;671;0;17;15;16;12573;;
160;21;875;228;3;87;13;35;12423;;
160;28;795;859;0;26;4;20;52462;;
160;42;937;309;6;69;22;20;4556;;
160;46;542;890;0;65;20;20;34827;;
160;47;635;821;9;71;16;21;32887;;
160;48;974;389;7;84;8;10;4383;;
161;0;877;202;0;69;11;28;62208;;
161;1;962;247;0;61;20;19;28684;;
161;2;998;281;0;92;12;11;10228;;
161;3;902;311;0;92;13;11;3827;;
161;4;976;337;1;44;22;18;40209;;
161;5;836;389;0;71;11;12;34975;;
161;6;824;426;0;110;11;13;382;;
161;7;861;537;0;43;10;8;4447;;
161;8;694;578;0;93;13;13;52855;;
161;9;655;602;0;80;7;12;26214;;
161;12;843;706;0;93;21;24;52225;;
161;13;611;827;0;45;7;17;9830;;
161;14;729;821;0;49;10;8;1823;;
161;15;781;804;0;97;10;11;4383;;
161;16;576;898;0;51;17;18;6284;;
161;17;662;960;0;70;16;13;38768;;
161;19;756;942;2;78;7;12;3310;;
161;20;785;671;1;17;15;16;12573;;
161;21;875;228;4;87;13;35;12423;;
161;28;795;859;0;26;4;20;52462;;
161;42;937;309;7;69;22;20;4556;;
161;46;542;890;1;65;20;20;34827;;
161;48;974;389;8;84;8;10;4383;;
162;0;885;212;0;56;21;18;61704;;
162;1;963;248;0;49;21;18;28686;;
162;2;998;282;0;85;10;10;4415;;
162;3;901;311;0;89;13;11;3699;;
162;4;976;336;0;55;24;18;7474;;
162;5;839;389;0;69;10;12;35287;;
162;6;824;428;0;96;11;12;4078;;
162;7;861;537;1;43;10;8;4447;;
162;8;694;578;0;85;14;14;50739;;
162;9;655;603;0;76;8;11;4415;;
162;12;843;706;0;88;21;23;52225;;
162;13;611;827;0;53;3;17;26222;;
162;14;726;820;0;46;13;8;3967;;
162;15;781;804;1;97;10;11;4383;;
162;16;576;898;1;51;17;18;6284;;
162;17;667;961;0;62;8;12;30310;;
162;19;763;934;0;91;20;19;6348;;
162;20;785;671;2;17;15;16;12573;;
162;21;875;228;5;87;13;35;12423;;
162;28;795;859;0;10;4;19;52430;;
162;42;937;309;8;69;22;20;4556;;
162;46;542;890;0;67;20;20;34827;;
162;48;974;389;9;84;8;10;4383;;
163;0;877;202;0;74;11;28;62208;;
163;1;962;247;0;58;20;19;28684;;
163;2;998;282;0;90;12;11;10228;;
163;3;902;311;0;95;11;12;52851;;
163;4;976;337;0;48;22;18;7441;;
163;5;836;389;0;80;13;15;5463;;
163;6;824;428;0;99;11;14;382;;
163;7;861;537;0;45;10;16;1911;;
163;8;695;579;0;87;13;15;18035;;
163;9;655;603;0;76;8;11;4415;;
163;12;843;706;0;94;21;24;52225;;
163;13;611;827;0;47;5;16;28398;;
163;14;726;821;0;47;12;10;1919;;
163;15;780;805;0;84;9;10;5407;;
163;16;575;897;0;56;17;19;4236;;
163;17;666;960;0;72;17;13;33650;;
163;19;756;942;0;75;7;12;36078;;
163;20;785;671;3;17;15;16;12573;;
163;21;875;228;6;87;13;35;12423;;
163;28;795;859;0;10;4;20;52974;;
163;42;945;332;0;10;14;8;6558;;
163;46;542;890;1;67;20;20;34827;;
163;48;974;389;0;63;8;10;4383;;
164;0;877;202;0;75;11;28;62208;;
164;1;963;248;0;44;21;18;28684;;
164;2;998;282;0;88;10;11;4383;;
164;3;902;311;0;97;12;12;3699;;
164;4;976;337;0;49;8;18;12551;;
164;5;836;389;0;75;12;14;35223;;
164;6;823;425;0;99;10;14;382;;
164;7;860;537;0;50;10;10;4383;;
164;8;695;578;0;83;13;14;50807;;
164;9;655;602;0;76;7;12;26214;;
164;12;843;706;0;104;21;24;52225;;
164;13;611;827;0;44;5;17;26214;;
164;14;727;821;0;50;9;10;4383;;
164;15;780;805;0;82;8;10;20767;;
164;16;576;897;0;54;20;19;6280;;
164;17;666;960;0;59;8;11;4383;;
164;19;756;942;1;75;7;12;36078;;
164;20;781;665;0;18;19;16;4383;;
164;21;875;228;7;87;13;35;12423;;
164;28;795;859;1;10;4;20;52974;;
164;42;945;332;1;10;14;8;6558;;
164;46;542;890;0;64;20;20;34827;;
164;48;974;389;1;63;8;10;4383;;
165;0;876;202;0;69;11;28;62208;;
165;1;963;247;0;60;21;19;28680;;
165;2;998;281;0;88;11;12;1790;;
165;3;902;311;0;100;12;11;53107;;
165;4;975;337;0;48;23;17;7441;;
165;5;836;388;0;76;12;11;35223;;
165;6;824;427;0;99;11;12;1518;;
165;7;860;537;1;50;10;10;4383;;
165;8;695;580;0;79;13;16;50803;;
165;9;655;603;0;79;7;12;9830;;
165;12;843;706;0;97;21;24;52225;;
165;13;611;827;0;48;4;18;26222;;
165;14;727;821;0;40;13;8;895;;
165;15;781;804;0;101;10;10;4383;;
165;16;576;897;1;54;20;19;6280;;
165;17;666;961;0;68;9;12;28398;;
165;19;756;942;2;75;7;12;36078;;
165;20;781;665;1;18;19;16;4383;;
165;21;875;228;8;87;13;35;12423;;
165;28;795;859;0;21;3;20;52974;;
165;42;945;332;2;10;14;8;6558;;
165;46;542;890;1;64;20;20;34827;;
165;48;974;389;2;63;8;10;4383;;
166;0;876;202;0;65;10;28;62208;;
166;1;962;247;0;52;20;19;28680;;
166;2;998;282;0;85;11;10;4415;;
166;3;902;311;0;93;12;12;20339;;
166;4;975;337;0;46;23;17;7441;;
166;5;836;388;0;74;11;11;4383;;
166;6;823;425;0;97;11;14;382;;
166;7;860;539;0;48;12;15;4383;;
166;8;694;577;0;82;13;16;50803;;
166;9;655;602;0;78;7;12;26214;;
166;12;843;706;0;103;21;24;52225;;
166;13;611;827;0;49;7;19;9831;;
166;14;727;822;0;53;11;10;4383;;
166;15;780;804;0;90;9;10;4383;;
166;16;576;896;0;60;20;19;12424;;
166;17;662;960;0;76;16;13;38704;;
166;19;756;942;3;75;7;12;36078;;
166;20;781;665;2;18;19;16;4383;;
166;21;875;228;9;87;13;35;12423;;
166;28;795;859;0;29;6;20;52974;;
166;42;945;332;3;10;14;8;6558;;
166;46;542;890;2;64;20;20;34827;;
166;48;974;389;3;63;8;10;4383;;
166;49;790;592;0;17;5;17;30692;;
167;0;876;202;0;67;10;28;62208;;
167;1;963;248;0;53;21;18;28937;;
167;2;998;281;0;82;11;11;4383;;
167;3;902;311;0;97;12;12;36467;;
167;4;975;337;1;46;23;17;7441;;
167;5;836;387;0;76;12;11;35287;;
167;6;824;426;0;106;11;14;382;;
167;7;862;534;0;42;12;15;4383;;
167;8;694;580;0;78;11;15;18227;;
167;9;654;603;0;78;8;11;4415;;
167;12;844;706;0;94;21;24;52225;;
167;13;611;827;0;66;6;18;9830;;
167;14;729;822;0;80;10;11;4383;;
167;15;780;804;0;93;10;10;4383;;
167;16;576;898;0;55;20;19;6284;;
167;17;662;961;0;70;17;12;37746;;
167;19;763;934;0;92;20;18;6348;;
167;20;781;666;0;22;19;17;4383;;
167;28;795;859;1;29;6;20;52974;;
167;42;945;332;4;10;14;8;6558;;
167;46;542;890;3;64;20;20;34827;;
167;48;974;389;4;63;8;10;4383;;
167;49;790;592;1;17;5;17;30692;;
168;0;876;202;0;76;12;28;62208;;
168;1;962;246;0;61;20;20;28680;;
168;2;998;281;0;93;11;11;4415;;
168;3;902;311;0;92;13;11;3699;;
168;4;976;337;0;52;9;18;12551;;
168;5;836;389;0;71;12;11;34967;;
168;6;824;428;0;92;10;12;4078;;
168;7;861;538;0;38;10;17;14198;;
168;8;694;580;0;86;13;14;18295;;
168;9;654;602;0;72;7;11;4383;;
168;12;843;706;0;105;21;24;52225;;
168;13;610;827;0;69;4;18;26222;;
168;14;729;821;0;75;9;10;4383;;
168;15;780;804;1;93;10;10;4383;;
168;16;575;898;0;62;9;12;36044;;
168;17;665;961;0;74;16;12;6002;;
168;19;763;934;1;92;20;18;6348;;
168;20;785;666;0;32;23;16;4891;;
168;28;795;859;0;17;5;20;60620;;
168;42;945;332;5;10;14;8;6558;;
168;46;542;890;4;64;20;20;34827;;
168;48;974;389;5;63;8;10;4383;;
168;49;790;592;2;17;5;17;30692;;
168;50;721;693;0;52;13;6;8048;;
169;0;885;212;0;54;20;18;29448;;
169;1;963;248;0;53;21;18;28680;;
169;2;998;282;0;85;11;10;4383;;
169;3;902;310;0;98;12;12;52851;;
169;4;976;337;0;51;22;18;7441;;
169;5;836;389;0;71;12;12;35223;;
169;6;824;428;0;94;11;14;382;;
169;7;862;534;0;39;11;15;4383;;
169;8;695;577;0;70;11;14;34423;;
169;9;654;602;0;74;8;10;4383;;
169;12;844;706;0;90;21;24;52225;;
169;13;611;827;0;48;4;16;28398;;
169;14;729;821;1;75;9;10;4383;;
169;15;780;803;0;81;8;10;21791;;
169;16;575;896;0;58;19;18;4236;;
169;17;662;960;0;73;16;12;883;;
169;19;757;942;0;60;6;12;36078;;
169;20;785;666;1;32;23;16;4891;;
169;28;795;859;0;17;5;20;52940;;
169;42;937;309;0;66;22;19;4556;;
169;46;542;891;0;67;20;21;34831;;
169;48;974;389;6;63;8;10;4383;;
169;49;790;592;3;17;5;17;30692;;
169;50;725;692;0;97;14;10;4435;;
170;0;876;202;0;64;10;28;63232;;
170;1;963;247;0;57;21;19;28684;;
170;2;998;282;0;88;11;10;4383;;
170;3;902;310;0;92;11;12;52851;;
170;4;976;337;1;51;22;18;7441;;
170;5;840;388;0;77;12;12;35223;;
170;6;824;428;0;109;11;14;358;;
170;7;862;539;0;42;13;15;4383;;
170;8;694;577;0;77;12;16;50995;;
170;9;654;603;0;78;8;11;4415;;
170;12;843;706;0;98;21;24;52225;;
170;13;610;827;0;46;8;16;26214;;
170;14;729;822;0;73;8;11;287;;
170;15;780;804;0;88;9;10;4383;;
170;16;575;896;1;58;19;18;4236;;
170;17;662;960;0;72;16;13;37744;;
170;19;764;934;0;80;19;19;6287;;
170;20;785;666;2;32;23;16;4891;;
170;28;795;859;1;17;5;20;52940;;
170;42;944;332;0;49;18;8;3526;;
170;46;542;890;0;62;28;20;17551;;
170;48;974;389;7;63;8;10;4383;;
170;49;790;592;4;17;5;17;30692;;
170;50;715;692;0;14;19;9;14192;;
171;0;885;212;0;51;20;18;62216;;
171;1;962;247;0;58;20;19;28680;;
171;2;998;281;0;84;11;10;4383;;
171;3;902;311;0;107;12;12;52851;;
171;4;976;337;0;54;10;17;28686;;
171;5;836;390;0;73;12;12;35223;;
171;6;824;428;0;99;10;13;1262;;
171;7;861;538;0;46;11;17;14199;;
171;8;694;580;0;76;11;15;18231;;
171;9;655;602;0;76;7;11;4383;;
171;12;843;706;0;102;21;24;52225;;
171;13;611;827;0;57;4;17;20078;;
171;14;729;822;0;77;9;10;287;;
171;15;780;804;0;85;9;10;20767;;
171;16;575;896;2;58;19;18;4236;;
171;17;666;961;0;71;15;12;4883;;
171;19;763;934;0;95;20;19;6348;;
171;20;785;666;3;32;23;16;4891;;
171;28;795;859;0;13;5;21;60620;;
171;42;944;332;1;49;18;8;3526;;
171;46;542;890;1;62;28;20;17551;;
171;48;974;389;8;63;8;10;4383;;
171;49;790;592;5;17;5;17;30692;;
171;50;716;694;0;42;17;18;65283;;
171;51;874;229;0;82;12;35;7;;
172;0;885;212;0;51;21;18;28936;;
172;1;963;247;0;61;21;19;28686;;
172;2;998;281;0;86;10;14;4991;;
172;3;902;310;0;99;12;12;52851;;
172;4;976;337;0;51;22;18;7443;;
172;5;836;390;0;76;12;11;35287;;
172;6;824;426;0;103;11;11;4383;;
172;7;862;539;0;51;12;16;5463;;
172;8;698;585;0;72;13;16;50807;;
172;9;654;602;0;82;7;12;26214;;
172;12;843;706;0;93;21;24;52225;;
172;13;611;827;0;41;3;16;28398;;
172;14;729;822;0;86;10;11;4383;;
172;15;781;804;0;86;10;10;4383;;
172;16;576;897;0;52;19;19;4236;;
172;17;666;960;0;62;8;11;4383;;
172;19;763;934;0;92;20;18;6284;;
172;20;785;666;4;32;23;16;4891;;
172;28;795;859;1;13;5;21;60620;;
172;42;944;332;2;49;18;8;3526;;
172;46;542;890;0;58;20;20;34827;;
172;48;974;389;9;63;8;10;4383;;
172;49;790;592;6;17;5;17;30692;;
172;50;720;693;0;35;18;8;65520;;
172;51;875;229;0;90;13;35;7;;
173;0;885;212;0;58;21;18;28936;;
173;1;962;246;0;59;20;20;28684;;
173;2;998;282;0;84;10;10;4383;;
173;3;902;310;0;98;12;12;52851;;
173;4;976;337;1;51;22;18;7443;;
173;5;836;389;0;73;11;12;35031;;
173;6;824;426;0;107;11;13;1406;;
173;7;861;538;0;34;11;17;6007;;
173;8;694;580;0;69;13;15;18231;;
173;9;654;602;1;82;7;12;26214;;
173;12;843;706;0;102;21;24;52225;;
173;13;611;827;0;54;7;13;26151;;
173;14;729;822;0;82;9;10;16671;;
173;15;780;804;0;91;9;11;4383;;
173;16;575;898;0;61;9;12;36044;;
173;17;665;961;0;68;16;13;37682;;
173;19;763;934;0;94;19;19;6349;;
173;20;785;666;5;32;23;16;4891;;
173;28;795;859;2;13;5;21;60620;;
173;42;944;332;3;49;18;8;3526;;
173;46;542;890;1;58;20;20;34827;;
173;49;790;592;7;17;5;17;30692;;
173;50;722;692;0;16;16;13;65056;;
173;51;875;229;0;91;13;35;7;;
174;0;876;202;0;71;11;28;62208;;
174;1;963;248;0;47;21;18;28684;;
174;2;998;281;0;87;10;11;4383;;
174;3;902;311;0;105;12;12;20083;;
174;4;976;337;0;53;22;18;7443;;
174;5;840;390;0;66;12;12;35287;;
174;6;824;427;0;94;11;13;382;;
174;7;861;534;0;36;9;15;4471;;
174;8;696;581;0;73;11;16;50806;;
174;9;654;602;0;86;7;13;10102;;
174;12;843;706;0;90;20;24;52225;;
174;13;611;827;0;42;3;17;26222;;
174;14;729;822;0;75;10;10;12575;;
174;15;781;804;0;90;9;10;4383;;
174;16;575;898;0;61;17;20;6284;;
174;17;662;961;0;82;16;12;6002;;
174;19;763;934;1;94;19;19;6349;;
174;20;785;668;0;14;15;16;14621;;
174;28;795;859;0;17;5;21;61132;;
174;42;944;332;4;49;18;8;3526;;
174;46;542;890;2;58;20;20;34827;;
174;49;789;585;0;18;18;9;61400;;
174;50;719;693;0;21;20;5;65520;;
174;51;875;229;1;91;13;35;7;;
175;0;876;202;0;66;11;28;62208;;
175;1;963;248;0;52;21;18;28684;;
175;2;998;281;0;81;11;10;4383;;
175;3;902;310;0;102;11;12;20083;;
175;4;976;337;1;53;22;18;7443;;
175;5;835;387;0;75;13;11;34967;;
175;6;824;427;0;102;11;13;366;;
175;7;861;536;0;41;10;9;4383;;
175;8;695;581;0;83;11;16;50806;;
175;9;654;602;1;86;7;13;10102;;
175;12;847;706;0;97;21;24;52225;;
175;13;611;827;0;61;4;16;19694;;
175;14;730;821;0;74;9;10;16671;;
175;15;780;804;0;85;9;10;20767;;
175;16;576;898;0;54;20;20;4236;;
175;17;665;961;0;73;15;12;4915;;
175;19;764;934;0;79;20;18;6284;;
175;20;785;668;1;14;15;16;14621;;
175;28;795;859;1;17;5;21;61132;;
175;42;944;332;5;49;18;8;3526;;
175;46;542;890;0;65;20;20;34831;;
175;49;780;592;0;10;18;9;4056;;
175;50;718;694;0;71;16;10;65328;;
175;51;875;229;2;91;13;35;7;;
176;0;885;212;0;55;21;18;61704;;
176;1;963;247;0;53;21;19;28684;;
176;2;998;282;0;93;11;10;4415;;
176;3;902;310;0;102;12;12;52979;;
176;4;976;337;0;51;10;18;12551;;
176;5;839;388;0;67;13;14;35287;;
176;6;824;426;0;95;11;13;382;;
176;7;862;533;0;22;10;15;4471;;
176;8;694;580;0;80;13;16;50807;;
176;9;654;602;0;79;7;12;26214;;
176;12;847;706;1;97;21;24;52225;;
176;13;611;827;0;50;3;16;28398;;
176;14;729;821;0;67;10;9;12575;;
176;15;781;804;0;96;9;11;20767;;
176;16;576;898;0;51;16;20;6284;;
176;17;661;960;0;61;25;22;29464;;
176;19;763;934;0;96;19;19;6349;;
176;20;785;668;2;14;15;16;14621;;
176;28;795;859;2;17;5;21;61132;;
176;42;944;332;6;49;18;8;3526;;
176;46;542;890;1;65;20;20;34831;;
176;49;780;592;1;10;18;9;4056;;
176;50;718;694;0;92;18;6;65328;;
176;51;875;230;0;96;13;35;7;;
177;0;885;212;0;56;21;18;28936;;
177;1;963;248;0;40;14;18;12575;;
177;2;998;281;0;82;10;11;4383;;
177;3;902;311;0;101;12;12;52979;;
177;4;976;337;0;50;6;18;12567;;
177;5;836;388;0;80;13;11;35223;;
177;6;824;427;0;101;11;13;382;;
177;7;862;533;1;22;10;15;4471;;
177;8;695;581;0;79;11;15;18231;;
177;9;655;601;0;84;8;13;1895;;
177;12;843;706;0;104;21;25;52225;;
177;13;611;827;0;58;5;18;26222;;
177;14;727;820;0;44;10;8;1823;;
177;15;781;804;1;96;9;11;20767;;
177;16;576;898;0;53;20;18;6284;;
177;17;662;960;0;74;18;13;33651;;
177;19;764;934;0;83;20;19;6280;;
177;20;785;668;3;14;15;16;14621;;
177;28;795;859;3;17;5;21;61132;;
177;42;944;332;7;49;18;8;3526;;
177;46;542;890;2;65;20;20;34831;;
177;49;780;592;2;10;18;9;4056;;
177;50;718;694;1;92;18;6;65328;;
177;51;875;229;0;92;13;35;7;;
178;0;876;202;0;71;10;28;63232;;
178;1;963;248;0;47;21;18;28684;;
178;2;998;282;0;90;12;10;2038;;
178;3;902;310;0;101;12;12;52979;;
178;4;975;337;0;48;7;18;12295;;
178;5;836;389;0;70;11;12;34967;;
178;6;824;427;0;106;11;14;382;;
178;7;862;535;0;47;12;14;287;;
178;8;696;581;0;91;11;15;18231;;
178;9;654;602;0;84;8;12;10086;;
178;12;843;706;0;89;21;23;52225;;
178;13;611;827;0;52;4;18;9966;;
178;14;727;821;0;34;15;10;1023;;
178;15;781;804;0;93;10;10;4383;;
178;16;575;898;0;61;9;12;36044;;
178;17;662;960;0;79;16;13;38768;;
178;19;764;934;1;83;20;19;6280;;
178;20;785;668;4;14;15;16;14621;;
178;28;795;860;0;10;5;20;52428;;
178;42;944;332;8;49;18;8;3526;;
178;46;542;890;3;65;20;20;34831;;
178;49;780;592;3;10;18;9;4056;;
178;50;718;693;0;110;20;6;65328;;
178;51;875;229;1;92;13;35;7;;
179;0;876;203;0;71;11;27;62208;;
179;1;962;247;0;54;20;19;28684;;
179;2;998;281;0;86;11;11;4383;;
179;3;902;310;0;95;12;11;53107;;
179;4;976;336;0;48;22;18;7443;;
179;5;836;389;0;71;10;11;39327;;
179;6;823;426;0;107;11;14;350;;
179;7;862;535;0;53;12;14;287;;
179;8;695;580;0;76;10;14;18231;;
179;9;654;602;0;78;7;11;4383;;
179;12;843;706;0;104;21;24;52225;;
179;13;611;827;0;42;3;17;26214;;
179;14;729;819;0;49;13;8;2047;;
179;15;781;804;1;93;10;10;4383;;
179;16;575;897;0;59;17;19;4236;;
179;17;666;960;0;75;16;12;883;;
179;19;764;934;2;83;20;19;6280;;
179;20;782;665;0;22;17;17;4383;;
179;28;795;859;0;14;5;20;52940;;
179;42;944;332;0;19;14;7;6558;;
179;46;542;890;4;65;20;20;34831;;
179;49;780;592;4;10;18;9;4056;;
179;50;718;693;0;69;20;19;63265;;
179;51;875;229;2;92;13;35;7;;
180;0;876;203;0;67;11;27;62208;;
180;1;963;248;0;52;21;25;28865;;
180;2;998;281;0;88;12;10;2038;;
180;3;901;310;0;104;14;12;1907;;
180;4;976;337;0;46;8;18;12551;;
180;5;836;389;0;74;11;12;35287;;
180;6;823;426;0;91;10;14;382;;
180;7;862;535;0;45;12;15;287;;
180;8;696;581;0;81;10;14;18231;;
180;9;655;602;0;83;7;12;26214;;
180;12;843;706;0;102;21;24;52225;;
180;13;611;827;0;52;5;17;28262;;
180;14;729;819;1;49;13;8;2047;;
180;15;780;802;0;86;10;10;21791;;
180;16;575;897;1;59;17;19;4236;;
180;17;662;960;0;75;17;13;33650;;
180;19;763;934;0;93;20;18;6348;;
180;20;782;665;1;22;17;17;4383;;
180;28;795;859;1;14;5;20;52940;;
180;42;944;332;1;19;14;7;6558;;
180;46;542;890;0;60;20;20;34827;;
180;49;780;592;5;10;18;9;4056;;
180;50;718;693;0;81;21;14;63266;;
180;51;875;229;3;92;13;35;7;;
181;0;885;212;0;51;21;18;28936;;
181;1;962;246;0;69;20;20;28680;;
181;2;998;281;0;87;12;10;1910;;
181;3;901;310;0;102;11;12;20083;;
181;4;976;337;0;47;22;18;7443;;
181;5;840;389;0;71;11;11;6559;;
181;6;823;425;0;99;11;13;366;;
181;7;862;534;0;48;13;10;6614;;
181;8;695;581;0;92;11;14;50999;;
181;9;655;603;0;75;7;12;1638;;
181;12;847;706;0;101;21;24;52225;;
181;13;611;827;0;51;3;17;26214;;
181;14;730;818;0;54;10;8;1823;;
181;15;780;802;1;86;10;10;21791;;
181;16;576;898;0;56;17;20;6280;;
181;17;662;960;0;84;17;13;33650;;
181;19;756;942;0;76;7;12;3310;;
181;20;782;665;0;20;19;16;4383;;
181;28;795;859;2;14;5;20;52940;;
181;42;944;332;2;19;14;7;6558;;
181;46;542;890;1;60;20;20;34827;;
181;49;780;592;6;10;18;9;4056;;
181;50;717;693;0;43;18;13;63283;;
181;51;875;229;0;94;13;35;7;;
182;0;885;212;0;56;20;19;61704;;
182;1;962;247;0;53;20;19;28684;;
182;2;998;282;0;90;11;15;4983;;
182;3;902;310;0;99;11;12;52851;;
182;4;976;337;0;41;5;18;12551;;
182;5;836;389;0;72;12;14;35287;;
182;6;824;426;0;95;10;12;3310;;
182;7;862;535;0;55;12;15;351;;
182;8;696;581;0;84;10;14;18231;;
182;9;655;602;0;83;7;12;26214;;
182;12;843;706;0;85;21;23;52225;;
182;13;611;827;0;50;8;16;26214;;
182;14;730;818;0;69;11;9;1823;;
182;15;781;804;0;94;10;11;4383;;
182;16;575;898;0;65;19;18;6284;;
182;17;662;961;0;74;16;12;37680;;
182;19;756;942;1;76;7;12;3310;;
182;20;784;669;0;26;19;17;4383;;
182;28;795;859;3;14;5;20;52940;;
182;42;944;332;3;19;14;7;6558;;
182;46;542;890;0;62;20;20;34827;;
182;49;780;592;7;10;18;9;4056;;
182;50;715;693;0;37;12;13;57100;;
182;51;875;228;0;86;13;35;4231;;
183;0;884;212;0;58;20;19;28936;;
183;1;963;247;0;54;21;19;28684;;
183;2;998;282;0;86;11;11;4383;;
183;3;901;310;0;106;13;12;18291;;
183;4;976;337;0;47;24;17;40243;;
183;5;836;388;0;73;11;12;34967;;
183;6;824;426;0;96;10;14;382;;
183;7;862;534;0;67;12;15;287;;
183;8;696;580;0;82;10;15;18039;;
183;9;655;603;0;73;7;11;4383;;
183;12;843;706;0;99;21;24;52225;;
183;13;611;827;0;50;5;17;26214;;
183;14;730;818;1;69;11;9;1823;;
183;15;781;804;1;94;10;11;4383;;
183;16;575;897;0;58;19;19;4236;;
183;17;661;960;0;77;26;21;21272;;
183;19;756;942;2;76;7;12;3310;;
183;20;786;669;0;12;14;17;4383;;
183;28;795;859;0;13;18;21;56780;;
183;42;944;332;4;19;14;7;6558;;
183;46;542;890;1;62;20;20;34827;;
183;49;780;592;8;10;18;9;4056;;
183;50;715;693;0;49;20;6;65328;;
183;51;874;229;0;82;12;35;7;;
184;0;885;212;0;54;21;18;61704;;
184;1;962;247;0;55;20;19;28684;;
184;2;998;281;0;84;10;11;4383;;
184;3;901;310;0;102;12;12;18291;;
184;4;976;337;1;47;24;17;40243;;
184;5;835;388;0;75;12;11;35287;;
184;6;824;427;0;100;11;13;382;;
184;7;862;535;0;50;12;6;3568;;
184;8;696;582;0;83;10;16;52854;;
184;9;655;602;0;73;7;11;4415;;
184;12;843;706;0;94;21;24;52225;;
184;13;611;827;0;48;4;16;20206;;
184;14;730;819;0;67;11;11;12575;;
184;15;780;805;0;94;9;11;4383;;
184;16;574;898;0;71;5;12;52974;;
184;17;667;961;0;65;8;12;26214;;
184;19;763;934;0;90;20;19;6348;;
184;20;786;669;1;12;14;17;4383;;
184;28;795;859;0;14;5;20;52940;;
184;42;944;332;5;19;14;7;6558;;
184;46;542;890;2;62;20;20;34827;;
184;49;780;592;9;10;18;9;4056;;
184;50;714;696;0;74;20;4;65280;;
184;51;875;229;0;92;14;35;7;;
185;0;876;202;0;79;11;28;62208;;
185;1;963;248;0;45;21;18;28684;;
185;2;998;282;0;87;11;11;4383;;
185;3;902;310;0;104;12;12;52851;;
185;4;975;337;0;46;22;18;7441;;
185;5;836;389;0;66;13;12;35223;;
185;6;824;427;0;103;11;14;366;;
185;7;862;535;0;47;12;9;40432;;
185;8;696;582;0;75;9;12;51062;;
185;9;655;603;0;81;7;12;9838;;
185;12;844;706;0;89;22;24;52225;;
185;13;611;827;0;50;5;16;28262;;
185;14;729;819;0;63;11;7;895;;
185;15;780;805;1;94;9;11;4383;;
185;16;576;898;0;48;8;12;36044;;
185;17;666;960;0;59;8;11;4383;;
185;19;764;934;0;77;19;19;6285;;
185;20;784;669;0;38;19;16;4383;;
185;28;795;859;1;14;5;20;52940;;
185;42;944;332;6;19;14;7;6558;;
185;46;542;890;3;62;20;20;34827;;
185;49;781;593;0;10;14;6;4573;;
185;50;721;699;0;73;23;21;62467;;
185;51;875;229;1;92;14;35;7;;
186;0;876;202;0;72;11;28;62208;;
186;1;963;247;0;58;21;19;28680;;
186;2;998;282;0;89;11;13;1918;;
186;3;901;311;0;95;11;12;20083;;
186;4;976;337;0;54;22;18;7441;;
186;5;836;389;0;70;13;11;2455;;
186;6;824;427;0;95;11;13;382;;
186;7;862;535;0;47;12;7;57200;;
186;8;695;581;0;83;11;16;50806;;
186;9;654;602;0;78;7;12;9830;;
186;12;844;706;0;103;22;24;52225;;
186;13;611;827;0;49;8;16;26214;;
186;14;730;817;0;55;11;7;895;;
186;15;780;804;0;91;9;10;4383;;
186;16;575;898;0;60;9;12;36044;;
186;17;666;961;0;74;15;12;4915;;
186;19;763;934;0;92;19;19;6349;;
186;20;782;665;0;23;19;17;4383;;
186;28;795;859;0;14;5;20;52940;;
186;42;944;332;7;19;14;7;6558;;
186;46;542;890;4;62;20;20;34827;;
186;49;780;591;0;18;14;7;5580;;
186;50;723;700;0;68;18;20;51207;;
186;51;875;229;2;92;14;35;7;;
187;0;876;202;0;68;10;28;62208;;
187;1;962;247;0;55;20;19;28684;;
187;2;998;282;0;89;10;11;4383;;
187;3;901;311;0;99;13;12;20083;;
187;4;976;337;1;54;22;18;7441;;
187;5;836;388;0;77;11;11;39327;;
187;6;823;426;0;94;11;14;350;;
187;7;862;535;0;53;10;15;21847;;
187;8;695;581;0;92;11;15;18295;;
187;9;655;602;0;76;7;11;4383;;
187;12;843;706;0;103;21;24;52225;;
187;13;611;827;0;46;7;17;9830;;
187;14;730;817;1;55;11;7;895;;
187;15;780;804;1;91;9;10;4383;;
187;16;575;898;1;60;9;12;36044;;
187;17;662;960;0;68;15;13;33075;;
187;19;756;942;0;74;7;12;36078;;
187;20;784;669;0;11;15;16;4383;;
187;28;796;859;0;21;5;20;52940;;
187;42;944;332;8;19;14;7;6558;;
187;46;542;890;5;62;20;20;34827;;
187;49;780;591;1;18;14;7;5580;;
187;50;725;701;0;71;21;19;60419;;
187;51;875;229;3;92;14;35;7;;
188;0;876;202;0;69;10;28;62208;;
188;1;963;248;0;43;14;18;12559;;
188;2;998;281;0;90;11;11;4383;;
188;3;901;311;0;105;12;12;20083;;
188;4;976;337;0;44;20;17;40209;;
188;5;836;389;0;73;11;12;35031;;
188;6;824;425;0;99;11;14;382;;
188;7;862;535;0;47;13;12;415;;
188;8;695;580;0;86;11;15;18231;;
188;9;654;602;0;75;7;11;4383;;
188;12;843;706;0;96;21;24;52225;;
188;13;611;827;0;42;5;15;9839;;
188;14;730;818;0;54;11;8;1823;;
188;15;781;803;0;80;10;11;5407;;
188;16;576;897;0;57;20;19;14472;;
188;17;666;961;0;70;15;12;4915;;
188;19;764;935;0;90;19;20;6280;;
188;20;786;666;0;25;22;16;4923;;
188;28;795;859;0;16;5;20;52940;;
188;42;944;332;9;19;14;7;6558;;
188;46;542;890;6;62;20;20;34827;;
188;49;780;591;2;18;14;7;5580;;
188;50;726;701;0;72;20;19;51203;;
188;51;875;229;4;92;14;35;7;;
189;0;876;202;0;68;10;28;62208;;
189;1;962;247;0;52;20;19;28684;;
189;2;998;282;0;86;11;11;4415;;
189;3;902;310;0;100;12;12;20083;;
189;4;976;336;0;58;21;21;7443;;
189;5;839;388;0;66;11;12;34975;;
189;6;824;426;0;101;11;11;4383;;
189;7;862;534;0;35;12;16;17782;;
189;8;698;581;0;85;12;16;50806;;
189;9;654;602;0;80;8;12;1910;;
189;12;843;706;0;107;21;24;52225;;
189;13;611;827;0;58;4;17;28398;;
189;14;730;817;0;65;11;10;14111;;
189;15;781;805;0;87;10;11;21791;;
189;16;576;898;0;54;20;20;6280;;
189;17;666;960;0;74;10;10;4383;;
189;19;764;935;1;90;19;20;6280;;
189;20;785;671;0;11;15;16;12575;;
189;28;795;859;0;19;5;20;52428;;
189;46;542;890;0;67;20;20;34827;;
189;49;780;591;3;18;14;7;5580;;
189;50;726;700;0;78;23;22;51235;;
189;51;875;229;5;92;14;35;7;;
190;0;876;202;0;72;11;28;62208;;
190;1;963;248;0;46;14;18;12559;;
190;2;998;281;0;88;10;11;4383;;
190;3;902;310;0;107;12;12;52851;;
190;4;976;336;1;58;21;21;7443;;
190;5;840;388;0;71;11;11;39327;;
190;6;823;426;0;96;11;14;382;;
190;7;862;534;0;49;13;14;31;;
190;8;696;581;0;89;11;19;50803;;
190;9;654;602;0;85;8;13;10086;;
190;12;847;708;0;87;21;25;52225;;
190;13;611;827;0;51;6;15;9839;;
190;14;730;818;0;51;11;7;895;;
190;15;781;804;0;87;9;10;4383;;
190;16;576;897;0;55;19;19;4236;;
190;17;662;960;0;86;18;13;33587;;
190;19;756;942;0;76;7;13;3310;;
190;20;786;670;0;18;17;16;12569;;
190;28;795;859;1;19;5;20;52428;;
190;46;542;890;0;63;20;20;34827;;
190;49;780;591;4;18;14;7;5580;;
190;50;727;703;0;71;25;21;32819;;
190;51;875;229;6;92;14;35;7;;
191;0;876;202;0;67;10;28;62208;;
191;1;963;248;0;47;14;18;12559;;
191;2;998;281;0;94;11;12;1790;;
191;3;902;310;0;101;12;12;52851;;
191;4;976;337;0;52;22;18;7443;;
191;5;836;389;0;70;12;11;35287;;
191;6;826;424;0;97;11;13;382;;
191;7;859;528;0;43;13;16;17910;;
191;8;694;580;0;82;13;13;50739;;
191;9;655;602;0;74;7;11;4383;;
191;12;847;708;0;87;21;24;52225;;
191;13;611;827;0;67;7;17;9830;;
191;14;730;817;0;79;11;11;14111;;
191;15;781;804;0;83;10;11;4383;;
191;16;576;897;0;55;19;19;4492;;
191;17;662;959;0;71;17;12;882;;
191;19;763;934;0;89;19;18;6349;;
191;20;786;670;1;18;17;16;12569;;
191;28;795;859;2;19;5;20;52428;;
191;46;542;890;1;63;20;20;34827;;
191;49;780;591;5;18;14;7;5580;;
191;50;734;706;0;82;22;15;2525;;
191;51;875;229;7;92;14;35;7;;
192;0;876;202;0;70;11;28;62208;;
192;1;963;248;0;51;21;24;28801;;
192;2;998;282;0;87;11;10;4383;;
192;3;901;310;0;107;14;12;1907;;
192;4;975;337;0;45;7;17;12551;;
192;5;836;388;0;70;11;12;34975;;
192;6;824;427;0;96;11;14;382;;
192;7;862;537;0;39;13;15;287;;
192;8;694;579;0;94;15;14;26419;;
192;9;655;602;0;75;7;11;4383;;
192;12;843;706;0;104;21;24;52225;;
192;13;611;827;0;45;4;17;19694;;
192;14;730;818;0;53;11;9;1823;;
192;15;780;803;0;94;10;10;5407;;
192;16;575;897;0;57;17;19;4236;;
192;17;665;961;0;78;17;13;882;;
192;19;756;943;0;75;7;13;3310;;
192;20;786;669;0;36;10;9;4383;;
192;28;795;859;3;19;5;20;52428;;
192;46;542;890;2;63;20;20;34827;;
192;49;780;591;6;18;14;7;5580;;
192;50;732;706;0;75;22;19;7629;;
192;51;875;229;8;92;14;35;7;;
193;0;877;202;0;74;11;28;62208;;
193;1;963;248;0;51;21;18;28684;;
193;2;998;283;0;95;11;12;9980;;
193;3;901;310;0;100;13;12;18035;;
193;4;975;337;0;38;25;18;40243;;
193;5;839;388;0;68;11;11;39327;;
193;6;824;428;0;98;11;14;382;;
193;7;862;538;0;48;13;16;25334;;
193;8;696;579;0;71;12;13;50807;;
193;9;655;602;1;75;7;11;4383;;
193;12;843;706;0;98;21;24;52225;;
193;13;611;827;0;50;3;17;26222;;
193;14;729;817;0;64;11;11;14111;;
193;15;781;803;0;90;10;10;28959;;
193;16;576;898;0;50;17;20;6284;;
193;17;667;960;0;59;9;11;4383;;
193;19;763;934;0;87;20;19;6348;;
193;20;786;669;1;36;10;9;4383;;
193;28;795;859;4;19;5;20;52428;;
193;46;542;890;3;63;20;20;34827;;
193;49;780;591;7;18;14;7;5580;;
193;50;733;706;0;60;23;18;461;;
193;51;875;229;9;92;14;35;7;;
194;0;876;202;0;67;10;28;62208;;
194;1;962;246;0;58;20;20;28680;;
194;2;999;281;0;86;10;10;4383;;
194;3;901;310;0;96;11;12;20211;;
194;4;976;336;0;62;24;21;7443;;
194;5;836;390;0;71;14;12;1367;;
194;6;824;426;0;96;11;12;5614;;
194;7;863;537;0;44;14;16;1014;;
194;8;694;579;0;79;13;13;50995;;
194;9;655;602;0;82;7;12;26214;;
194;12;843;706;0;97;21;24;52225;;
194;13;610;827;0;60;6;16;26214;;
194;14;729;817;0;65;11;10;14111;;
194;15;781;804;0;90;10;10;4383;;
194;16;575;897;0;55;17;19;4236;;
194;17;662;960;0;77;16;13;37746;;
194;19;757;942;0;64;7;11;4255;;
194;20;782;665;0;32;23;15;4891;;
194;28;795;859;5;19;5;20;52428;;
194;46;542;890;4;63;20;20;34827;;
194;49;780;591;8;18;14;7;5580;;
194;50;733;706;1;60;23;18;461;;
194;52;944;331;0;18;12;8;36302;;
195;0;876;202;0;72;10;28;62208;;
195;1;963;248;0;51;21;18;28682;;
195;2;998;281;0;87;10;10;4383;;
195;3;901;310;0;97;14;12;1907;;
195;4;976;337;0;50;10;17;12295;;
195;5;836;389;0;77;13;11;2455;;
195;6;824;426;0;105;11;14;382;;
195;7;863;537;0;45;14;11;4567;;
195;8;694;580;0;92;13;14;51063;;
195;9;655;603;0;84;7;12;26214;;
195;12;843;706;0;105;21;24;52225;;
195;13;611;827;0;53;4;17;19694;;
195;14;729;817;0;64;11;10;14111;;
195;15;780;804;0;91;9;11;12575;;
195;16;576;898;0;57;20;20;6280;;
195;17;665;961;0;70;15;12;4915;;
195;19;757;942;1;64;7;11;4255;;
195;20;782;665;1;32;23;15;4891;;
195;28;795;859;6;19;5;20;52428;;
195;46;542;890;0;67;20;20;34827;;
195;49;780;591;9;18;14;7;5580;;
195;50;733;706;2;60;23;18;461;;
195;52;944;331;1;18;12;8;36302;;
196;0;876;202;0;69;10;28;62208;;
196;1;963;248;0;49;15;18;12559;;
196;2;998;281;0;86;11;10;4383;;
196;3;901;310;0;104;11;12;20211;;
196;4;976;336;0;54;10;18;12551;;
196;5;838;389;0;70;11;12;34967;;
196;6;826;425;0;94;11;14;382;;
196;7;862;537;0;38;13;15;4383;;
196;8;694;581;0;76;12;15;50743;;
196;9;655;603;1;84;7;12;26214;;
196;12;843;706;0;101;21;24;52225;;
196;13;610;827;0;48;5;17;9838;;
196;14;730;818;0;70;12;9;12130;;
196;15;780;804;1;91;9;11;12575;;
196;16;575;897;0;59;18;19;4236;;
196;17;667;960;0;69;17;13;882;;
196;19;756;942;0;74;7;12;3310;;
196;20;782;665;0;19;19;16;4383;;
196;28;795;859;7;19;5;20;52428;;
196;46;542;890;0;64;20;20;34827;;
196;50;733;705;0;75;10;15;4927;;
196;52;944;331;2;18;12;8;36302;;
197;0;876;202;0;66;10;28;62208;;
197;1;962;246;0;65;20;20;28680;;
197;2;998;282;0;93;12;11;10100;;
197;3;901;310;0;105;13;12;18291;;
197;4;976;336;1;54;10;18;12551;;
197;5;840;389;0;73;15;11;1367;;
197;6;824;426;0;96;11;14;1406;;
197;7;863;537;0;50;14;11;4502;;
197;8;696;582;0;70;9;12;50990;;
197;9;655;602;0;77;8;11;4383;;
197;12;843;706;0;89;20;24;52225;;
197;13;611;827;0;48;6;17;9830;;
197;14;729;817;0;76;11;7;895;;
197;15;781;804;0;91;10;10;4383;;
197;16;576;897;0;50;20;19;6280;;
197;17;662;961;0;69;17;13;33650;;
197;19;763;934;0;91;20;18;6348;;
197;20;782;665;1;19;19;16;4383;;
197;28;795;859;8;19;5;20;52428;;
197;46;542;890;1;64;20;20;34827;;
197;50;733;708;0;75;6;15;4927;;
197;52;944;331;3;18;12;8;36302;;
198;0;884;212;0;55;20;18;61704;;
198;1;963;248;0;48;21;18;28684;;
198;2;998;282;0;81;11;10;4415;;
198;3;902;310;0;101;11;12;52979;;
198;4;976;337;0;47;7;18;12311;;
198;5;835;388;0;73;13;12;35223;;
198;6;824;428;0;97;11;13;382;;
198;7;863;534;0;38;14;8;4510;;
198;8;694;581;0;68;13;11;1847;;
198;9;654;602;0;76;8;10;4383;;
198;12;843;706;0;97;21;24;52225;;
198;13;611;827;0;44;3;17;28262;;
198;14;730;818;0;68;11;8;1823;;
198;15;780;804;0;84;9;10;5407;;
198;16;576;898;0;53;20;17;6284;;
198;17;662;960;0;74;16;13;37746;;
198;19;763;934;0;92;19;19;6285;;
198;20;782;665;2;19;19;16;4383;;
198;28;795;859;9;19;5;20;52428;;
198;46;542;890;0;64;20;20;34827;;
198;50;734;711;0;92;23;20;4557;;
198;52;944;331;4;18;12;8;36302;;
198;53;874;230;0;90;13;35;7;;
199;0;885;212;0;56;21;18;61704;;
199;1;962;246;0;68;20;20;28680;;
199;2;998;282;0;91;12;13;1918;;
199;3;901;310;0;97;12;11;52851;;
199;4;976;337;1;47;7;18;12311;;
199;5;840;389;0;70;13;12;35287;;
199;6;823;426;0;101;11;12;7662;;
199;7;862;538;0;42;12;16;10230;;
199;8;695;581;0;81;11;14;34615;;
199;9;654;602;0;80;7;12;26214;;
199;12;843;707;0;90;21;25;52225;;
199;13;611;827;0;53;6;17;26214;;
199;14;730;818;0;62;11;10;14111;;
199;15;780;804;0;100;10;11;4383;;
199;16;575;897;0;57;17;19;4236;;
199;17;666;961;0;74;15;12;4915;;
199;19;757;942;0;66;7;12;36078;;
199;20;782;666;0;16;15;17;4381;;
199;28;795;859;0;11;5;21;52940;;
199;46;542;890;1;64;20;20;34827;;
199;50;735;712;0;89;23;18;4573;;
199;52;944;331;5;18;12;8;36302;;
199;53;875;229;0;93;13;35;7;;
200;0;876;202;0;68;10;28;62208;;
200;1;963;248;0;46;20;18;28684;;
200;2;998;281;0;82;11;9;4383;;
200;3;901;310;0;93;11;12;20211;;
200;4;976;336;0;44;21;18;7441;;
200;5;840;388;0;76;12;11;35287;;
200;6;824;427;0;97;11;12;4078;;
200;7;862;538;1;42;12;16;10230;;
200;8;697;582;0;75;13;14;50999;;
200;9;655;602;0;79;7;12;26214;;
200;12;847;708;0;91;21;25;52225;;
200;13;611;827;0;51;7;18;9830;;
200;14;730;818;0;77;11;9;1823;;
200;15;780;804;0;87;9;10;5407;;
200;16;575;897;1;57;17;19;4236;;
200;17;666;961;0;62;7;12;26222;;
200;19;757;942;1;66;7;12;36078;;
200;20;785;670;0;14;19;16;4383;;
200;28;795;859;1;11;5;21;52940;;
200;46;542;890;2;64;20;20;34827;;
200;50;739;713;0;57;20;15;4573;;
200;52;944;331;6;18;12;8;36302;;
200;53;875;229;1;93;13;35;7;;
201;0;885;212;0;51;21;18;28936;;
201;1;963;248;0;47;21;24;28897;;
201;2;998;281;0;83;11;11;4383;;
201;3;901;310;0;99;11;12;36595;;
201;4;976;337;0;49;7;18;12295;;
201;5;836;389;0;74;12;11;35287;;
201;6;824;427;0;101;11;14;382;;
201;7;861;535;0;60;9;15;21879;;
201;8;694;582;0;100;13;16;50806;;
201;9;655;602;0;77;7;12;9830;;
201;12;843;706;0;98;21;24;52225;;
201;13;611;827;0;57;7;18;9830;;
201;14;729;817;0;73;12;10;12134;;
201;15;780;804;0;95;9;11;4383;;
201;16;576;898;0;57;20;20;6280;;
201;17;666;961;0;77;9;12;26350;;
201;19;757;942;2;66;7;12;36078;;
201;20;785;670;1;14;19;16;4383;;
201;28;795;859;2;11;5;21;52940;;
201;46;542;890;0;62;20;20;34819;;
201;50;733;708;0;66;11;10;4383;;
201;52;944;331;7;18;12;8;36302;;
201;53;874;228;0;78;12;35;8327;;
202;0;876;202;0;71;10;28;62208;;
202;1;963;248;0;47;21;18;28684;;
202;2;999;282;0;89;12;11;1910;;
202;3;901;310;0;97;15;11;1779;;
202;4;976;337;1;49;7;18;12295;;
202;5;836;388;0;69;11;12;34967;;
202;6;824;428;0;102;11;14;382;;
202;7;862;535;0;64;13;15;343;;
202;8;694;582;0;88;13;13;25399;;
202;9;655;602;1;77;7;12;9830;;
202;12;843;706;0;97;21;24;52225;;
202;13;611;827;0;45;4;17;28398;;
202;14;730;817;0;73;11;10;14111;;
202;15;781;805;0;92;10;11;4383;;
202;16;575;898;0;62;18;20;6284;;
202;17;666;961;0;73;15;12;4403;;
202;19;757;942;3;66;7;12;36078;;
202;20;782;665;0;34;11;9;4383;;
202;28;795;859;3;11;5;21;52940;;
202;46;542;890;0;61;20;20;34831;;
202;50;730;704;0;69;25;24;32819;;
202;52;944;331;8;18;12;8;36302;;
202;53;874;228;1;78;12;35;8327;;
203;0;876;202;0;67;10;28;62208;;
203;1;963;248;0;48;14;18;12559;;
203;2;998;282;0;85;11;9;4415;;
203;3;900;310;0;96;14;11;18289;;
203;4;976;337;0;41;7;18;12551;;
203;5;836;390;0;70;12;12;35223;;
203;6;823;425;0;92;11;13;382;;
203;7;862;535;0;43;10;13;31;;
203;8;694;582;0;88;12;13;26423;;
203;9;654;603;0;74;8;12;9830;;
203;12;845;709;0;87;21;25;52225;;
203;13;611;827;0;57;7;17;26214;;
203;14;729;819;0;66;10;8;1823;;
203;15;780;803;0;89;9;11;4383;;
203;16;575;897;0;56;17;19;4238;;
203;17;666;959;0;55;8;10;4383;;
203;19;757;942;4;66;7;12;36078;;
203;20;785;670;0;20;17;16;4377;;
203;28;795;859;4;11;5;21;52940;;
203;46;542;890;1;61;20;20;34831;;
203;50;731;704;0;68;22;24;32883;;
203;52;944;331;9;18;12;8;36302;;
203;53;874;228;2;78;12;35;8327;;
204;0;876;202;0;68;11;28;62208;;
204;1;963;247;0;59;21;19;28680;;
204;2;998;281;0;87;10;11;4415;;
204;3;901;310;0;95;12;12;3827;;
204;4;976;337;0;58;24;18;7475;;
204;5;835;387;0;72;11;11;39327;;
204;6;824;428;0;97;11;13;350;;
204;7;861;535;0;54;9;14;4439;;
204;8;698;581;0;89;10;12;26423;;
204;9;654;603;0;78;7;12;9830;;
204;12;844;706;0;94;21;24;52225;;
204;13;611;827;0;51;5;18;26214;;
204;14;730;817;0;65;11;9;1823;;
204;15;780;804;0;91;9;11;4383;;
204;16;576;898;0;50;18;19;4236;;
204;17;661;960;0;79;26;22;21272;;
204;19;757;942;5;66;7;12;36078;;
204;20;785;670;1;20;17;16;4377;;
204;28;795;859;5;11;5;21;52940;;
204;46;542;890;0;59;20;20;34827;;
204;50;731;704;1;68;22;24;32883;;
204;53;874;228;3;78;12;35;8327;;
205;0;885;212;0;57;20;18;61704;;
205;1;962;246;0;67;20;20;28684;;
205;2;997;281;0;81;11;10;4383;;
205;3;901;311;0;97;11;12;20211;;
205;4;976;337;0;49;7;18;12295;;
205;5;836;388;0;74;11;12;34975;;
205;6;824;426;0;100;11;13;382;;
205;7;861;535;0;54;8;15;5463;;
205;8;697;582;0;78;9;12;18294;;
205;9;654;602;0;76;7;11;4383;;
205;12;844;706;0;91;21;24;52225;;
205;13;611;827;0;59;4;16;28398;;
205;14;730;817;0;71;12;10;28514;;
205;15;781;803;0;87;10;10;20767;;
205;16;576;898;0;53;18;20;6284;;
205;17;667;961;0;65;15;12;4915;;
205;19;757;942;6;66;7;12;36078;;
205;20;782;665;0;34;17;16;4381;;
205;28;795;859;6;11;5;21;52940;;
205;46;542;890;1;59;20;20;34827;;
205;50;728;703;0;66;21;20;32787;;
205;53;875;229;0;90;13;35;7;;
206;0;884;212;0;51;20;18;61704;;
206;1;963;247;0;55;21;19;28684;;
206;2;998;281;0;88;10;11;4383;;
206;3;901;310;0;101;15;11;1779;;
206;4;976;336;0;47;22;18;7441;;
206;5;836;388;0;80;12;11;35287;;
206;6;823;426;0;95;13;14;374;;
206;7;859;534;0;63;7;13;21879;;
206;8;696;582;0;81;14;12;25399;;
206;9;654;602;0;83;8;12;10086;;
206;12;844;709;0;87;21;24;52225;;
206;13;610;827;0;53;4;17;28398;;
206;14;730;817;0;72;12;10;12102;;
206;15;780;805;0;84;9;11;29983;;
206;16;576;898;0;58;20;20;6284;;
206;17;662;960;0;81;18;13;33651;;
206;19;764;934;0;82;20;19;6280;;
206;20;782;665;1;34;17;16;4381;;
206;28;795;859;7;11;5;21;52940;;
206;46;542;890;2;59;20;20;34827;;
206;50;728;702;0;69;21;21;34819;;
206;53;875;229;0;95;13;35;7;;
207;0;885;212;0;52;21;18;28936;;
207;1;963;248;0;48;20;18;28686;;
207;2;998;282;0;85;11;10;4383;;
207;3;901;310;0;105;13;12;18419;;
207;4;976;337;0;37;5;18;12551;;
207;5;840;389;0;68;11;12;34975;;
207;6;823;426;0;93;11;13;382;;
207;7;860;535;0;52;7;14;5495;;
207;8;697;582;0;80;8;12;26486;;
207;9;655;602;0;83;7;12;26214;;
207;12;843;706;0;95;21;24;52225;;
207;13;611;827;0;61;6;17;26214;;
207;14;729;817;0;77;11;10;14111;;
207;15;781;804;0;88;10;11;4383;;
207;16;576;897;0;57;20;19;4232;;
207;17;663;961;0;82;16;12;6002;;
207;19;763;934;0;83;20;18;6348;;
207;20;786;669;0;37;22;16;4923;;
207;28;795;859;8;11;5;21;52940;;
207;46;542;890;0;62;20;20;34827;;
207;50;728;703;0;60;20;20;32787;;
207;53;874;230;0;94;12;35;7;;
207;54;945;332;0;35;13;8;3558;;
208;0;885;212;0;55;20;18;62216;;
208;1;963;248;0;45;14;18;12575;;
208;2;998;281;0;86;10;11;4383;;
208;3;900;310;0;99;14;12;2035;;
208;4;976;337;0;40;6;18;12599;;
208;5;839;389;0;64;11;11;39327;;
208;6;824;428;0;89;11;14;382;;
208;7;858;534;0;62;7;13;22391;;
208;8;697;583;0;88;9;15;26423;;
208;9;654;602;0;79;7;12;26214;;
208;12;843;706;0;98;21;24;52225;;
208;13;611;823;0;50;4;16;28398;;
208;14;729;817;0;72;11;7;1919;;
208;15;780;805;0;90;9;11;4383;;
208;16;576;898;0;58;20;20;4232;;
208;17;667;961;0;62;16;13;37746;;
208;19;763;934;0;91;20;18;6284;;
208;20;781;665;0;56;23;17;4891;;
208;28;795;859;9;11;5;21;52940;;
208;46;542;890;1;62;20;20;34827;;
208;50;728;703;0;68;21;20;32787;;
208;53;875;229;0;97;13;35;7;;
208;54;945;332;1;35;13;8;3558;;
208;55;673;217;0;29;17;17;64512;;
208;56;790;595;0;26;12;9;4377;;
209;0;885;212;0;58;21;18;61704;;
209;1;963;248;0;46;15;18;12557;;
209;2;998;282;0;80;10;10;4383;;
209;3;902;310;0;98;12;12;20211;;
209;4;975;337;0;48;7;18;13063;;
209;5;836;389;0;72;11;11;4383;;
209;6;824;427;0;93;11;13;350;;
209;7;860;535;0;63;8;14;21879;;
209;8;697;583;0;88;9;13;18294;;
209;9;655;602;0;76;7;12;26214;;
209;12;843;706;0;94;21;24;52225;;
209;13;611;827;0;65;5;17;26214;;
209;14;730;818;0;61;11;7;1919;;
209;15;780;805;0;81;9;10;4383;;
209;16;575;897;0;60;18;19;4238;;
209;17;662;960;0;68;16;13;37744;;
209;19;763;934;1;91;20;18;6284;;
209;20;786;667;0;33;22;16;4923;;
209;46;542;890;2;62;20;20;34827;;
209;50;728;703;0;65;21;20;32787;;
209;53;875;229;0;93;15;35;8199;;
209;54;945;332;2;35;13;8;3558;;
209;55;673;217;1;29;17;17;64512;;
209;56;790;595;1;26;12;9;4377;;
210;0;876;203;0;66;11;27;62208;;
210;1;962;246;0;66;20;20;28680;;
210;2;998;282;0;83;9;11;4383;;
210;3;902;310;0;105;12;12;3827;;
210;4;975;337;0;48;10;18;13063;;
210;5;840;389;0;78;12;11;35287;;
210;6;824;426;0;100;11;14;382;;
210;7;859;534;0;62;7;13;17783;;
210;8;696;581;0;75;10;13;18295;;
210;9;655;602;0;77;7;11;4383;;
210;12;843;706;0;104;21;25;52225;;
210;13;610;827;0;43;3;17;28262;;
210;14;730;818;0;71;11;11;13087;;
210;15;780;805;0;93;9;11;4383;;
210;16;575;897;1;60;18;19;4238;;
210;17;662;960;0;75;16;13;38706;;
210;19;763;934;2;91;20;18;6284;;
210;20;786;667;1;33;22;16;4923;;
210;46;542;890;3;62;20;20;34827;;
210;50;728;703;0;65;20;20;32787;;
210;53;875;229;1;93;15;35;8199;;
210;54;945;332;3;35;13;8;3558;;
210;55;673;217;2;29;17;17;64512;;
210;56;790;595;2;26;12;9;4377;;
211;0;884;212;0;49;19;18;12569;;
211;1;963;246;0;66;21;20;28686;;
211;2;998;281;0;83;12;10;2038;;
211;3;900;310;0;96;13;11;26481;;
211;4;976;337;0;49;22;18;6419;;
211;5;840;388;0;69;12;11;35223;;
211;6;824;428;0;100;11;14;366;;
211;7;859;534;0;54;8;13;17495;;
211;8;696;581;0;91;10;14;18039;;
211;9;655;602;0;77;7;11;4383;;
211;12;843;706;0;94;21;24;52225;;
211;13;611;827;0;46;3;16;20206;;
211;14;729;817;0;68;11;10;14111;;
211;15;781;803;0;84;8;11;20767;;
211;16;576;897;0;61;20;19;12424;;
211;17;667;961;0;64;16;12;38768;;
211;19;763;934;3;91;20;18;6284;;
211;20;786;667;2;33;22;16;4923;;
211;46;542;890;4;62;20;20;34827;;
211;50;728;702;0;70;20;21;49155;;
211;53;874;229;0;86;12;35;7;;
211;54;945;332;4;35;13;8;3558;;
211;55;673;217;3;29;17;17;64512;;
211;56;790;595;3;26;12;9;4377;;
212;0;876;202;0;65;10;28;62208;;
212;1;962;246;0;65;20;20;28684;;
212;2;998;282;0;83;10;10;4383;;
212;3;900;310;0;105;13;12;26481;;
212;4;976;337;0;48;20;18;7441;;
212;5;839;390;0;77;12;12;35287;;
212;6;823;426;0;102;11;12;7662;;
212;7;859;534;0;61;6;13;21879;;
212;8;696;582;0;75;10;12;26423;;
212;9;654;602;0;78;7;12;9830;;
212;12;843;706;0;99;21;24;52225;;
212;13;611;827;0;51;8;19;9831;;
212;14;730;818;0;72;11;10;13087;;
212;15;780;804;0;104;10;10;4383;;
212;16;576;897;1;61;20;19;12424;;
212;17;661;960;0;75;26;21;21272;;
212;19;763;935;0;95;20;19;6344;;
212;20;786;667;3;33;22;16;4923;;
212;46;542;890;5;62;20;20;34827;;
212;50;728;702;0;76;21;21;51203;;
212;53;874;229;1;86;12;35;7;;
212;54;936;309;0;58;20;19;4556;;
212;55;673;217;4;29;17;17;64512;;
212;56;790;595;0;17;13;16;29132;;
212;57;775;604;0;18;14;16;13772;;
213;0;885;212;0;57;20;18;61704;;
213;1;963;248;0;50;21;18;28684;;
213;2;998;281;0;87;11;11;4383;;
213;3;901;310;0;108;13;12;18419;;
213;4;976;337;1;48;20;18;7441;;
213;5;836;389;0;77;12;12;35223;;
213;6;824;427;0;108;11;13;478;;
213;7;859;535;0;54;8;15;30583;;
213;8;697;582;0;80;9;13;26423;;
213;9;654;602;0;86;7;12;26214;;
213;12;843;706;0;96;21;24;52225;;
213;13;611;828;0;54;7;17;26214;;
213;14;729;819;0;65;10;11;13087;;
213;15;780;804;1;104;10;10;4383;;
213;16;576;898;0;50;18;18;6284;;
213;17;666;960;0;71;15;12;4883;;
213;19;763;935;1;95;20;19;6344;;
213;20;782;666;0;23;20;16;13081;;
213;46;542;890;6;62;20;20;34827;;
213;50;728;703;0;70;21;20;49171;;
213;53;875;229;0;89;13;35;7;;
213;54;936;309;1;58;20;19;4556;;
213;55;673;217;5;29;17;17;64512;;
213;56;790;595;0;19;14;15;4366;;
213;57;775;604;0;18;15;15;4366;;
214;0;885;212;0;53;21;18;61704;;
214;1;963;248;0;48;21;18;28684;;
214;2;998;282;0;88;10;11;4415;;
214;3;901;310;0;101;12;12;18291;;
214;4;976;337;0;41;22;18;7441;;
214;5;836;388;0;74;13;11;2455;;
214;6;824;426;0;98;11;14;382;;
214;7;860;534;0;49;9;16;26215;;
214;8;696;583;0;86;9;13;26486;;
214;9;654;602;1;86;7;12;26214;;
214;12;843;706;0;115;21;25;52225;;
214;13;611;827;0;59;5;18;9838;;
214;14;729;817;0;63;11;8;1823;;
214;15;780;804;0;89;9;10;5407;;
214;16;576;898;0;50;20;17;6284;;
214;17;666;961;0;77;16;12;6002;;
214;19;763;935;2;95;20;19;6344;;
214;20;786;666;0;29;10;9;4383;;
214;46;542;890;7;62;20;20;34827;;
214;50;729;703;0;72;21;21;32787;;
214;53;875;229;0;92;13;35;7;;
214;54;936;309;2;58;20;19;4556;;
214;55;673;217;6;29;17;17;64512;;
214;56;791;595;0;28;13;20;26572;;
214;57;775;604;1;18;15;15;4366;;
215;0;885;212;0;54;21;18;61704;;
215;1;963;248;0;47;21;18;28684;;
215;2;997;282;0;87;12;10;10228;;
215;3;901;310;0;101;14;12;2035;;
215;4;976;337;0;49;22;18;7443;;
215;5;836;390;0;76;13;14;35223;;
215;6;824;426;0;94;10;14;366;;
215;7;859;535;0;64;7;16;26215;;
215;8;697;582;0;91;9;14;26486;;
215;9;655;602;0;75;7;11;4383;;
215;12;844;706;0;83;21;24;52225;;
215;13;611;827;0;41;3;16;28398;;
215;14;730;818;0;63;11;8;1823;;
215;15;781;804;0;86;10;10;4383;;
215;16;576;898;0;50;8;12;36044;;
215;17;666;961;0;58;14;12;4915;;
215;19;756;942;0;73;6;12;36078;;
215;20;782;665;0;18;17;16;4377;;
215;46;542;890;8;62;20;20;34827;;
215;50;740;706;0;77;30;9;6616;;
215;53;874;229;0;85;12;35;7;;
215;54;936;309;3;58;20;19;4556;;
215;55;673;217;7;29;17;17;64512;;
215;56;792;595;0;23;12;15;4382;;
215;57;775;604;2;18;15;15;4366;;
216;0;876;202;0;65;9;28;62208;;
216;1;963;248;0;46;21;18;28684;;
216;2;998;282;0;89;11;12;1788;;
216;3;900;310;0;98;11;12;52979;;
216;4;975;337;0;52;8;17;12359;;
216;5;835;387;0;74;13;14;35223;;
216;6;824;426;0;101;11;12;3566;;
216;7;859;534;0;61;8;14;14199;;
216;8;697;582;0;88;9;14;26423;;
216;9;655;603;0;73;7;11;4383;;
216;12;843;706;0;92;21;24;52225;;
216;13;611;827;0;57;5;19;9830;;
216;14;730;818;0;84;11;10;13087;;
216;15;779;801;0;83;9;10;20767;;
216;16;576;897;0;53;19;19;4492;;
216;17;662;960;0;78;16;13;38706;;
216;19;756;942;1;73;6;12;36078;;
216;20;782;665;1;18;17;16;4377;;
216;46;542;890;9;62;20;20;34827;;
216;50;742;711;0;38;17;10;6654;;
216;53;874;229;1;85;12;35;7;;
216;54;936;309;4;58;20;19;4556;;
216;55;673;217;8;29;17;17;64512;;
216;56;792;595;0;18;11;17;14732;;
216;57;775;604;3;18;15;15;4366;;
217;0;885;212;0;62;21;18;28936;;
217;1;963;248;0;49;21;24;28897;;
217;2;999;282;0;87;11;11;4383;;
217;3;901;311;0;100;12;11;26483;;
217;4;976;337;0;53;22;18;7443;;
217;5;836;389;0;74;13;14;35223;;
217;6;824;427;0;105;11;14;382;;
217;7;859;534;0;70;9;16;26231;;
217;8;697;582;0;85;10;14;18295;;
217;9;654;602;0;80;8;11;4383;;
217;12;843;706;0;89;21;24;52225;;
217;13;611;827;0;44;3;17;28262;;
217;14;730;818;0;79;11;10;13087;;
217;15;779;801;1;83;9;10;20767;;
217;16;575;897;0;59;18;19;4236;;
217;17;663;961;0;74;16;12;6002;;
217;19;763;934;0;83;19;18;6349;;
217;20;786;666;0;37;22;16;4923;;
217;50;742;711;1;38;17;10;6654;;
217;53;875;229;0;96;13;35;7;;
217;54;936;309;5;58;20;19;4556;;
217;55;673;217;9;29;17;17;64512;;
217;56;793;596;0;28;11;19;2972;;
217;57;775;604;4;18;15;15;4366;;
218;0;877;202;0;82;12;27;63248;;
218;1;963;248;0;45;21;18;28684;;
218;2;998;282;0;85;12;10;2038;;
218;3;901;311;0;100;15;11;2035;;
218;4;976;337;0;53;7;18;12295;;
218;5;836;388;0;75;12;11;35287;;
218;6;824;426;0;92;10;14;358;;
218;7;859;535;0;70;9;16;26215;;
218;8;696;582;0;89;9;13;26486;;
218;9;654;602;0;81;7;13;1911;;
218;12;847;708;0;91;21;25;52225;;
218;13;611;827;0;55;4;17;28398;;
218;14;730;818;0;73;11;10;13087;;
218;15;780;805;0;88;9;10;4383;;
218;16;576;898;0;54;19;18;6284;;
218;17;662;961;0;70;25;20;29456;;
218;19;764;934;0;80;20;18;6284;;
218;20;784;666;0;32;20;16;13115;;
218;50;748;716;0;26;7;15;4383;;
218;53;875;229;1;96;13;35;7;;
218;54;944;332;0;17;12;7;40428;;
218;56;793;596;1;28;11;19;2972;;
218;57;775;604;5;18;15;15;4366;;
219;0;877;202;0;75;24;28;62208;;
219;1;963;248;0;51;21;18;28686;;
219;2;998;282;0;85;12;11;10230;;
219;3;900;311;0;99;14;11;26481;;
219;4;976;337;0;47;21;17;7441;;
219;5;839;389;0;72;12;13;34975;;
219;6;823;426;0;92;11;11;4383;;
219;7;859;535;0;64;9;16;26215;;
219;8;697;582;0;89;9;13;26486;;
219;9;654;602;0;76;8;11;4383;;
219;12;847;707;0;93;21;24;52225;;
219;13;611;827;0;63;8;17;9830;;
219;14;730;818;0;78;11;7;1919;;
219;15;781;803;0;90;9;11;4383;;
219;16;575;897;0;61;19;19;4236;;
219;17;662;960;0;81;18;13;33651;;
219;19;764;934;0;88;19;19;6287;;
219;20;781;665;0;35;23;17;4923;;
219;50;748;716;1;26;7;15;4383;;
219;53;875;229;2;96;13;35;7;;
219;54;945;332;0;37;16;8;36292;;
219;56;792;597;0;14;16;7;4088;;
219;57;775;604;6;18;15;15;4366;;
220;0;885;212;0;52;21;18;28936;;
220;1;963;248;0;49;21;25;28865;;
220;2;998;281;0;85;10;10;4415;;
220;3;901;310;0;101;13;11;18291;;
220;4;976;337;0;44;22;18;7441;;
220;5;836;389;0;75;12;12;35223;;
220;6;823;427;0;96;11;14;382;;
220;7;859;535;0;65;8;14;14199;;
220;8;696;582;0;95;9;15;10039;;
220;9;655;602;0;84;7;12;26214;;
220;12;847;708;0;85;20;24;52225;;
220;13;611;827;0;58;5;16;28398;;
220;14;730;818;0;65;11;9;1823;;
220;15;780;804;0;96;10;10;4383;;
220;16;575;897;0;57;17;19;4236;;
220;17;665;961;0;62;14;12;4919;;
220;19;764;934;1;88;19;19;6287;;
220;20;781;665;1;35;23;17;4923;;
220;50;748;716;2;26;7;15;4383;;
220;53;874;229;0;86;13;35;8199;;
220;54;945;332;1;37;16;8;36292;;
220;56;793;597;0;15;20;8;20152;;
220;57;775;604;7;18;15;15;4366;;
221;0;876;202;0;69;10;28;62208;;
221;1;963;248;0;43;14;18;12575;;
221;2;998;281;0;85;11;10;4383;;
221;3;901;311;0;101;12;12;3827;;
221;4;976;337;0;56;24;18;7475;;
221;5;840;390;0;74;11;12;35223;;
221;6;826;424;0;103;11;13;382;;
221;7;859;534;0;56;8;14;14199;;
221;8;696;583;0;98;9;15;26423;;
221;9;655;602;1;84;7;12;26214;;
221;12;843;706;0;98;21;24;52225;;
221;13;611;827;0;43;3;17;26214;;
221;14;729;817;0;70;11;8;1823;;
221;15;779;801;0;80;9;10;4383;;
221;16;575;897;1;57;17;19;4236;;
221;17;662;961;0;75;16;12;38706;;
221;19;763;934;0;86;20;18;6348;;
221;20;781;666;0;20;19;15;4383;;
221;50;758;711;0;32;12;6;4598;;
221;53;874;229;1;86;13;35;8199;;
221;54;945;332;2;37;16;8;36292;;
221;56;793;597;0;16;11;8;1303;;
221;57;775;604;8;18;15;15;4366;;
221;58;796;859;0;30;5;14;57487;;
222;0;885;212;0;50;20;18;29448;;
222;1;963;248;0;47;20;18;28684;;
222;2;998;282;0;87;11;9;4383;;
222;3;901;311;0;97;12;11;53107;;
222;4;976;337;0;45;21;18;7441;;
222;5;836;388;0;81;12;12;35223;;
222;6;824;428;0;98;11;14;382;;
222;7;860;535;0;61;9;16;26215;;
222;8;696;583;0;93;9;13;26486;;
222;9;654;602;0;77;7;12;9830;;
222;12;844;707;0;92;22;24;52225;;
222;13;611;827;0;66;7;16;28262;;
222;14;730;818;0;52;10;11;30495;;
222;15;781;803;0;97;10;11;20767;;
222;16;576;898;0;52;16;20;6284;;
222;17;663;961;0;66;16;12;6002;;
222;19;763;935;0;96;19;19;6351;;
222;20;782;667;0;20;15;17;4381;;
222;50;758;711;1;32;12;6;4598;;
222;53;875;229;0;90;13;35;7;;
222;54;945;332;3;37;16;8;36292;;
222;56;795;598;0;29;19;10;52465;;
222;57;775;604;9;18;15;15;4366;;
222;58;796;859;1;30;5;14;57487;;
222;59;542;890;0;62;20;20;34827;;
223;0;885;212;0;52;21;18;61704;;
223;1;963;247;0;60;21;19;28684;;
223;2;998;281;0;85;11;11;4383;;
223;3;901;311;0;97;12;11;53107;;
223;4;976;337;0;46;22;18;40211;;
223;5;839;389;0;69;11;12;34967;;
223;6;823;426;0;97;11;13;382;;
223;7;859;535;0;57;9;16;26231;;
223;8;696;582;0;98;10;15;26422;;
223;9;655;603;0;80;7;12;26214;;
223;12;843;706;0;97;21;24;52225;;
223;13;611;827;0;61;6;18;9830;;
223;14;729;818;0;63;11;11;13087;;
223;15;780;805;0;90;9;11;4383;;
223;16;575;897;0;59;19;19;4236;;
223;17;662;960;0;68;17;13;882;;
223;19;763;935;1;96;19;19;6351;;
223;20;782;665;0;34;11;9;4383;;
223;50;758;711;2;32;12;6;4598;;
223;53;874;229;0;85;12;35;7;;
223;54;945;332;4;37;16;8;36292;;
223;56;797;599;0;45;23;15;36073;;
223;58;796;859;2;30;5;14;57487;;
223;59;542;890;0;65;20;20;34831;;
224;0;876;203;0;70;11;27;62208;;
224;1;963;248;0;41;15;18;12559;;
224;2;998;282;0;86;11;10;4383;;
224;3;900;311;0;93;12;11;26483;;
224;4;976;337;0;53;24;17;6451;;
224;5;836;389;0;79;14;12;17751;;
224;6;824;427;0;109;11;14;366;;
224;7;862;535;0;40;7;14;21847;;
224;8;696;582;0;92;11;13;26423;;
224;9;655;602;0;76;7;11;4383;;
224;12;843;706;0;104;21;24;52225;;
224;13;611;827;0;53;5;16;20206;;
224;14;729;817;0;66;12;6;3967;;
224;15;781;804;0;90;10;10;5407;;
224;16;575;897;1;59;19;19;4236;;
224;17;667;961;0;73;17;13;883;;
224;19;763;935;2;96;19;19;6351;;
224;20;782;665;1;34;11;9;4383;;
224;50;758;711;3;32;12;6;4598;;
224;53;874;229;1;85;12;35;7;;
224;54;937;309;0;62;21;19;4556;;
224;56;797;601;0;29;22;16;52449;;
224;58;796;859;3;30;5;14;57487;;
224;59;542;890;1;65;20;20;34831;;
225;0;885;212;0;56;20;18;29448;;
225;1;962;246;0;66;20;20;28680;;
225;2;998;282;0;87;11;11;4383;;
225;3;901;311;0;94;12;11;53107;;
225;4;976;337;0;49;22;18;7443;;
225;5;836;389;0;76;13;14;35223;;
225;6;824;426;0;101;11;14;382;;
225;7;861;534;0;51;12;13;2191;;
225;8;696;581;0;86;11;11;4375;;
225;9;655;603;0;80;7;12;9830;;
225;12;844;707;0;95;22;24;52225;;
225;13;611;827;0;58;8;16;26214;;
225;14;730;817;0;61;11;11;13599;;
225;15;781;804;0;85;10;10;20767;;
225;16;574;898;0;74;10;12;52428;;
225;17;667;961;0;60;15;12;4467;;
225;19;763;935;3;96;19;19;6351;;
225;20;782;665;2;34;11;9;4383;;
225;50;758;711;4;32;12;6;4598;;
225;53;875;228;0;82;13;35;12423;;
225;54;937;309;0;59;21;19;4556;;
225;56;798;601;0;41;24;15;52913;;
225;58;796;859;4;30;5;14;57487;;
225;59;542;890;0;62;20;20;34823;;
225;60;674;217;0;25;17;17;65024;;
226;0;885;212;0;59;20;18;62216;;
226;1;962;247;0;58;20;19;28684;;
226;2;998;282;0;89;10;11;4415;;
226;3;901;311;0;96;12;12;3827;;
226;4;976;337;0;55;22;18;40209;;
226;5;836;389;0;73;12;11;35223;;
226;6;823;426;0;92;11;13;366;;
226;7;861;534;0;50;11;13;34967;;
226;8;695;580;0;75;11;14;50999;;
226;9;655;603;0;78;7;11;4383;;
226;12;843;706;0;106;21;24;52225;;
226;13;611;827;0;53;8;18;9830;;
226;14;729;819;0;61;11;8;1823;;
226;15;781;804;1;85;10;10;20767;;
226;16;576;898;0;54;16;20;6284;;
226;17;665;961;0;65;17;13;34674;;
226;19;763;935;4;96;19;19;6351;;
226;20;782;665;3;34;11;9;4383;;
226;50;758;711;5;32;12;6;4598;;
226;53;874;230;0;89;12;35;7;;
226;54;937;309;1;59;21;19;4556;;
226;56;800;601;0;67;24;21;35043;;
226;58;796;859;5;30;5;14;57487;;
226;59;542;890;1;62;20;20;34823;;
226;60;674;217;1;25;17;17;65024;;
226;61;790;582;0;24;22;11;27900;;
227;0;876;202;0;74;11;28;62208;;
227;1;963;248;0;50;15;18;12557;;
227;2;998;281;0;91;12;11;14324;;
227;3;901;311;0;93;12;12;52851;;
227;4;976;337;0;43;22;18;7443;;
227;5;836;389;0;72;11;11;6559;;
227;6;823;426;0;94;11;12;4046;;
227;7;861;535;0;54;12;14;1367;;
227;8;696;581;0;82;10;14;1655;;
227;9;655;602;0;79;7;11;4415;;
227;12;844;706;0;97;21;24;52225;;
227;13;610;827;0;59;3;16;28398;;
227;14;729;822;0;71;10;11;28959;;
227;15;779;802;0;87;10;10;20767;;
227;16;576;897;0;56;20;19;12424;;
227;17;667;961;0;71;16;12;6002;;
227;19;764;935;0;84;19;19;6285;;
227;20;782;665;4;34;11;9;4383;;
227;50;758;711;6;32;12;6;4598;;
227;53;874;230;1;89;12;35;7;;
227;54;937;309;2;59;21;19;4556;;
227;56;801;603;0;63;15;12;33905;;
227;58;796;859;6;30;5;14;57487;;
227;59;542;890;2;62;20;20;34823;;
227;60;674;217;2;25;17;17;65024;;
227;61;790;582;0;21;10;10;4415;;
228;0;876;202;0;71;10;28;63232;;
228;1;962;247;0;60;20;19;28680;;
228;2;998;281;0;84;10;10;4383;;
228;3;900;310;0;104;14;12;18291;;
228;4;976;337;0;42;22;17;7441;;
228;5;836;389;0;74;13;12;35223;;
228;6;823;426;0;106;11;14;382;;
228;7;861;534;0;63;12;13;34975;;
228;8;695;581;0;89;11;14;50999;;
228;9;655;603;0;79;8;12;10086;;
228;12;843;706;0;99;21;24;52225;;
228;13;611;827;0;48;4;13;52974;;
228;14;729;821;0;58;10;9;28959;;
228;15;781;804;0;87;10;11;4383;;
228;16;576;898;0;58;19;20;6284;;
228;17;662;960;0;76;17;13;882;;
228;19;763;934;0;94;20;18;6284;;
228;20;782;665;5;34;11;9;4383;;
228;50;758;711;7;32;12;6;4598;;
228;53;874;230;2;89;12;35;7;;
228;54;937;309;3;59;21;19;4556;;
228;56;800;604;0;75;24;18;36401;;
228;58;796;859;7;30;5;14;57487;;
228;59;542;890;0;64;20;20;34827;;
228;60;674;217;3;25;17;17;65024;;
228;61;783;591;0;11;27;21;11497;;
229;0;876;202;0;68;23;28;62208;;
229;1;962;246;0;63;20;20;28684;;
229;2;998;282;0;88;11;10;4383;;
229;3;901;311;0;95;12;12;52851;;
229;4;976;337;0;52;22;18;7443;;
229;5;836;389;0;72;12;12;35287;;
229;6;824;426;0;102;11;14;382;;
229;7;862;534;0;44;11;14;2207;;
229;8;696;582;0;85;9;12;18030;;
229;9;655;602;0;87;7;13;1910;;
229;12;847;707;0;98;22;24;52225;;
229;13;611;827;0;48;5;16;28398;;
229;14;729;821;0;59;10;13;25422;;
229;15;781;804;0;88;9;10;4383;;
229;16;576;898;0;50;20;20;4236;;
229;17;665;961;0;77;15;12;4403;;
229;19;764;934;0;82;20;19;6280;;
229;20;782;665;6;34;11;9;4383;;
229;50;758;711;8;32;12;6;4598;;
229;53;874;230;3;89;12;35;7;;
229;54;944;332;0;27;16;7;40900;;
229;56;799;603;0;64;25;17;36401;;
229;58;796;859;8;30;5;14;57487;;
229;59;542;890;1;64;20;20;34827;;
229;60;674;217;4;25;17;17;65024;;
229;61;783;591;1;11;27;21;11497;;
230;0;885;212;0;52;21;18;61704;;
230;1;963;248;0;56;21;18;28684;;
230;2;998;282;0;92;12;10;2038;;
230;3;901;311;0;97;12;11;53107;;
230;4;976;336;0;52;22;18;7443;;
230;5;836;389;0;72;11;12;34975;;
230;6;824;426;0;92;11;14;382;;
230;7;862;535;0;61;11;16;28374;;
230;8;696;580;0;91;10;15;18039;;
230;9;654;602;0;76;7;11;4383;;
230;12;847;707;1;98;22;24;52225;;
230;13;610;827;0;55;6;16;26214;;
230;14;729;822;0;56;10;12;29222;;
230;15;779;802;0;86;9;10;20767;;
230;16;577;898;0;59;20;20;12428;;
230;17;662;960;0;65;17;13;33587;;
230;19;764;934;1;82;20;19;6280;;
230;20;782;665;7;34;11;9;4383;;
230;50;758;711;9;32;12;6;4598;;
230;53;874;230;4;89;12;35;7;;
230;54;944;332;1;27;16;7;40900;;
230;56;799;602;0;67;25;17;36401;;
230;58;796;859;9;30;5;14;57487;;
230;59;542;890;2;64;20;20;34827;;
230;60;674;217;5;25;17;17;65024;;
230;61;795;579;0;78;22;21;14030;;
231;0;877;202;0;70;11;28;63232;;
231;1;963;248;0;46;21;18;28684;;
231;2;999;282;0;89;11;11;4383;;
231;3;901;311;0;98;14;11;18289;;
231;4;976;337;0;50;21;18;40209;;
231;5;839;389;0;68;12;12;35287;;
231;6;824;427;0;100;11;11;4383;;
231;7;859;535;0;54;8;15;21847;;
231;8;696;581;0;91;11;17;18294;;
231;9;655;602;0;80;7;12;9838;;
231;12;843;706;0;94;20;24;52225;;
231;13;610;827;0;40;3;15;9839;;
231;14;730;818;0;42;10;12;61446;;
231;15;781;804;0;93;9;11;20767;;
231;16;576;898;0;57;19;18;6284;;
231;17;662;960;0;78;16;12;882;;
231;19;764;934;2;82;20;19;6280;;
231;20;782;665;8;34;11;9;4383;;
231;53;874;230;5;89;12;35;7;;
231;54;944;332;2;27;16;7;40900;;
231;56;799;604;0;71;25;16;52785;;
231;59;542;890;3;64;20;20;34827;;
231;60;674;217;6;25;17;17;65024;;
231;61;795;579;0;52;21;21;14030;;
232;0;885;212;0;53;20;18;28936;;
232;1;962;247;0;50;20;19;28684;;
232;2;998;282;0;86;10;10;4383;;
232;3;901;310;0;98;12;12;20083;;
232;4;976;337;0;48;22;18;7441;;
232;5;836;388;0;78;12;12;35223;;
232;6;824;428;0;99;11;14;382;;
232;7;858;534;0;55;12;15;2199;;
232;8;695;581;0;89;11;15;18231;;
232;9;655;602;0;78;7;11;4383;;
232;12;843;706;0;93;21;24;52225;;
232;13;610;827;0;67;8;16;26214;;
232;14;729;821;0;51;10;11;12575;;
232;15;781;803;0;81;10;10;20767;;
232;16;576;897;0;60;21;19;12428;;
232;17;666;960;0;63;8;11;4383;;
232;19;764;934;3;82;20;19;6280;;
232;20;782;665;0;16;15;16;4381;;
232;53;875;228;0;87;13;35;12423;;
232;54;937;309;0;67;21;19;4556;;
232;56;801;605;0;71;17;14;36403;;
232;59;542;890;4;64;20;20;34827;;
232;60;674;217;7;25;17;17;65024;;
232;61;794;580;0;40;18;19;5647;;
232;62;775;596;0;37;8;10;4383;;
233;0;885;212;0;54;20;18;61704;;
233;1;963;248;0;42;20;18;28680;;
233;2;998;281;0;78;9;10;4383;;
233;3;901;311;0;96;12;12;20083;;
233;4;976;336;0;28;20;16;40209;;
233;5;838;389;0;68;10;12;35223;;
233;6;824;427;0;92;11;13;382;;
233;7;862;535;0;71;14;15;34967;;
233;8;695;581;0;93;11;15;18231;;
233;9;655;602;0;78;7;12;26212;;
233;12;843;706;0;106;21;24;52225;;
233;13;611;827;0;55;7;18;9831;;
233;14;729;822;0;46;10;11;12575;;
233;15;781;803;1;81;10;10;20767;;
233;16;576;897;0;57;19;20;12424;;
233;17;663;961;0;80;16;12;6002;;
233;19;756;943;0;76;7;12;36078;;
233;20;781;665;0;20;15;17;4381;;
233;53;875;229;0;88;14;35;7;;
233;54;943;332;0;28;17;8;19938;;
233;56;800;604;0;68;26;15;52785;;
233;59;542;890;5;64;20;20;34827;;
233;60;674;217;8;25;17;17;65024;;
233;61;794;580;1;40;18;19;5647;;
233;62;784;588;0;10;26;13;20112;;
234;0;876;202;0;68;10;28;62208;;
234;1;963;248;0;52;21;24;28865;;
234;2;998;281;0;82;11;10;4383;;
234;3;901;311;0;102;12;12;20083;;
234;4;976;336;1;28;20;16;40209;;
234;5;836;388;0;73;11;12;34967;;
234;6;824;427;0;98;11;13;382;;
234;7;856;533;0;63;13;15;2071;;
234;8;696;583;0;102;9;14;18230;;
234;9;655;603;0;79;7;11;4383;;
234;12;847;708;0;86;21;24;52225;;
234;13;611;827;0;51;6;16;26214;;
234;14;729;822;0;55;10;12;57670;;
234;15;781;805;0;89;10;11;4383;;
234;16;577;898;0;59;20;20;12428;;
234;17;662;960;0;64;17;13;1906;;
234;19;756;943;1;76;7;12;36078;;
234;20;781;665;1;20;15;17;4381;;
234;53;875;229;1;88;14;35;7;;
234;54;943;332;1;28;17;8;19938;;
234;56;799;604;0;59;25;16;52785;;
234;59;542;890;6;64;20;20;34827;;
234;60;674;217;9;25;17;17;65024;;
234;61;795;578;0;52;21;19;13902;;
234;62;784;588;1;10;26;13;20112;;
234;63;795;859;0;11;5;21;60620;;
235;0;885;212;0;53;20;18;61704;;
235;1;962;247;0;57;20;19;28684;;
235;2;998;281;0;89;10;13;894;;
235;3;901;311;0;91;12;12;20083;;
235;4;976;336;2;28;20;16;40209;;
235;5;836;388;0;76;11;12;34967;;
235;6;823;426;0;93;11;14;510;;
235;7;857;535;0;55;9;13;22359;;
235;8;695;581;0;97;11;15;18231;;
235;9;654;603;0;77;7;11;4383;;
235;12;847;708;0;94;21;25;52225;;
235;13;611;827;0;51;7;16;26214;;
235;14;729;822;0;66;10;12;25158;;
235;15;781;803;0;90;9;10;20767;;
235;16;576;898;0;56;19;18;6284;;
235;17;667;961;0;73;16;13;38770;;
235;19;757;942;0;66;7;12;36078;;
235;20;785;669;0;35;18;16;4383;;
235;53;875;229;0;89;13;35;7;;
235;54;943;332;2;28;17;8;19938;;
235;56;798;602;0;54;24;13;52785;;
235;59;542;890;7;64;20;20;34827;;
235;61;796;577;0;65;22;19;14030;;
235;62;784;588;2;10;26;13;20112;;
235;63;795;859;1;11;5;21;60620;;
236;0;876;202;0;72;10;28;62208;;
236;1;962;247;0;59;20;19;28684;;
236;2;998;282;0;91;11;12;2038;;
236;3;901;311;0;96;11;12;52851;;
236;4;976;337;0;47;8;17;12295;;
236;5;836;389;0;72;11;12;34975;;
236;6;824;426;0;102;11;14;366;;
236;7;855;532;0;57;13;15;19799;;
236;8;697;582;0;82;13;15;18231;;
236;9;655;602;0;82;7;13;10086;;
236;12;847;708;0;89;21;25;52225;;
236;13;611;827;0;44;3;17;28262;;
236;14;729;822;0;62;10;11;12575;;
236;15;781;804;0;91;10;10;4383;;
236;16;576;898;0;50;20;18;6284;;
236;17;663;961;0;78;15;12;4403;;
236;19;764;934;0;83;19;19;6543;;
236;20;782;665;0;28;20;17;13081;;
236;53;875;229;1;89;13;35;7;;
236;54;938;332;0;24;17;9;3556;;
236;56;798;602;0;54;23;13;52785;;
236;59;542;890;0;62;20;20;34827;;
236;61;795;578;0;61;22;20;13902;;
236;62;784;588;3;10;26;13;20112;;
236;63;795;859;2;11;5;21;60620;;
236;64;758;709;0;20;11;10;4383;;
237;0;885;212;0;58;21;18;61704;;
237;1;963;248;0;48;21;18;28684;;
237;2;998;282;0;84;10;11;4415;;
237;3;901;310;0;99;13;12;18291;;
237;4;976;337;0;52;22;17;7441;;
237;5;839;389;0;69;11;11;6559;;
237;6;823;426;0;102;11;12;7630;;
237;7;855;532;0;51;11;13;23895;;
237;8;694;582;0;88;13;12;25399;;
237;9;654;602;0;76;7;11;4383;;
237;12;843;706;0;98;21;24;52225;;
237;13;611;827;0;57;3;16;28398;;
237;14;729;822;0;60;10;12;57422;;
237;15;780;804;0;98;9;11;4383;;
237;16;576;898;0;53;20;20;4232;;
237;17;667;961;0;56;8;12;18022;;
237;19;763;934;0;88;19;18;6351;;
237;20;782;666;0;19;19;17;4383;;
237;53;875;229;0;90;13;35;7;;
237;54;938;332;1;24;17;9;3556;;
237;56;799;603;0;55;25;14;52785;;
237;59;542;890;1;62;20;20;34827;;
237;61;796;578;0;50;22;20;13902;;
237;62;776;596;0;16;23;7;1276;;
237;63;795;859;3;11;5;21;60620;;
237;64;758;699;0;30;11;7;4375;;
238;0;885;212;0;54;21;18;61704;;
238;1;963;248;0;44;15;18;12559;;
238;2;998;282;0;87;11;11;4383;;
238;3;902;310;0;94;13;11;3699;;
238;4;976;337;0;42;21;17;7441;;
238;5;836;390;0;68;12;12;34975;;
238;6;824;426;0;106;11;14;382;;
238;7;857;534;0;55;8;13;17735;;
238;8;696;582;0;100;10;14;25399;;
238;9;655;603;0;86;7;13;14182;;
238;12;844;706;0;97;22;24;52225;;
238;13;611;827;0;51;4;17;28398;;
238;14;729;822;0;55;10;11;28959;;
238;15;781;804;0;91;10;10;4383;;
238;16;576;898;0;50;20;17;6284;;
238;17;666;961;0;69;8;12;26214;;
238;19;764;934;0;86;20;19;6280;;
238;20;782;666;1;19;19;17;4383;;
238;53;874;229;0;81;13;35;7;;
238;54;938;332;2;24;17;9;3556;;
238;56;799;602;0;54;25;12;52785;;
238;59;542;890;2;62;20;20;34827;;
238;61;798;578;0;51;23;20;13518;;
238;62;777;596;0;12;24;7;11996;;
238;63;795;859;4;11;5;21;60620;;
238;64;758;699;1;30;11;7;4375;;
239;0;885;212;0;54;20;18;28936;;
239;1;963;248;0;47;15;18;12559;;
239;2;998;281;0;79;11;10;4383;;
239;3;901;310;0;99;13;12;18291;;
239;4;976;337;0;46;10;18;12551;;
239;5;836;389;0;70;11;11;6559;;
239;6;823;426;0;100;11;12;6606;;
239;7;857;535;0;49;12;13;2183;;
239;8;697;582;0;99;9;13;26422;;
239;9;654;602;0;77;8;11;4383;;
239;12;843;706;0;93;21;24;52225;;
239;13;611;828;0;48;4;18;26222;;
239;14;729;822;0;47;10;11;28959;;
239;15;780;804;0;93;9;11;4383;;
239;16;576;898;0;48;8;12;36044;;
239;17;662;960;0;74;18;13;33651;;
239;19;764;934;0;87;20;19;6280;;
239;20;781;666;0;20;19;16;4383;;
239;53;875;228;0;81;13;35;8327;;
239;54;938;332;3;24;17;9;3556;;
239;56;799;601;0;55;25;12;36400;;
239;59;542;890;3;62;20;20;34827;;
239;61;799;580;0;34;23;20;30862;;
239;62;777;596;1;12;24;7;11996;;
239;63;795;859;5;11;5;21;60620;;
239;64;758;699;2;30;11;7;4375;;
240;0;885;212;0;61;21;18;28936;;
240;1;962;247;0;52;20;19;28684;;
240;2;998;282;0;86;10;11;4383;;
240;3;901;310;0;99;12;12;52851;;
240;4;976;337;0;44;21;18;7441;;
240;5;836;389;0;73;12;12;35223;;
240;6;824;425;0;95;11;13;382;;
240;7;855;532;0;63;9;13;21847;;
240;8;697;583;0;105;9;15;26423;;
240;9;654;602;0;78;8;11;4383;;
240;12;847;708;0;93;21;24;52225;;
240;13;611;827;0;44;3;18;26222;;
240;14;729;819;0;50;10;11;12575;;
240;15;781;804;0;84;8;10;4383;;
240;16;576;898;0;48;17;18;6284;;
240;17;666;960;0;63;15;11;4915;;
240;19;757;942;0;72;6;21;238;;
240;20;785;666;0;17;15;17;4383;;
240;53;875;229;0;90;13;35;7;;
240;54;938;332;4;24;17;9;3556;;
240;56;802;602;0;66;19;8;2295;;
240;59;542;890;4;62;20;20;34827;;
240;61;800;579;0;23;24;19;30862;;
240;62;777;596;2;12;24;7;11996;;
240;63;795;859;6;11;5;21;60620;;
240;64;758;708;0;23;11;8;4383;;
241;0;876;202;0;67;24;28;62208;;
241;1;962;247;0;54;20;19;28684;;
241;2;998;282;0;80;11;9;4383;;
241;3;901;310;0;95;13;12;20339;;
241;4;976;336;0;34;21;14;55569;;
241;5;835;389;0;71;12;11;35223;;
241;6;823;426;0;96;10;14;366;;
241;7;855;533;0;51;7;13;30583;;
241;8;697;584;0;99;9;14;26486;;
241;9;654;602;0;80;7;12;26214;;
241;12;843;706;0;101;21;24;52225;;
241;13;611;827;0;54;4;17;28398;;
241;14;729;820;0;48;10;12;24582;;
241;15;780;805;0;96;10;10;20767;;
241;16;576;898;1;48;17;18;6284;;
241;17;665;960;0;76;15;11;4919;;
241;19;763;934;0;88;19;18;6349;;
241;20;786;666;0;22;22;16;4923;;
241;53;875;229;1;90;13;35;7;;
241;54;944;332;0;18;14;7;6558;;
241;56;804;604;0;79;21;9;3314;;
241;59;542;890;5;62;20;20;34827;;
241;61;804;579;0;65;24;20;63244;;
241;62;777;596;3;12;24;7;11996;;
241;63;795;859;7;11;5;21;60620;;
241;64;758;708;1;23;11;8;4383;;
242;0;885;212;0;53;20;18;62216;;
242;1;963;248;0;48;21;18;28684;;
242;2;998;282;0;89;11;12;1788;;
242;3;902;311;0;92;12;12;52979;;
242;4;976;337;0;48;22;18;7443;;
242;5;835;389;0;72;11;12;34967;;
242;6;823;427;0;90;11;13;382;;
242;7;856;534;0;64;11;13;19543;;
242;8;696;583;0;103;9;15;26423;;
242;9;655;603;0;76;7;11;4383;;
242;12;843;706;0;90;21;23;52225;;
242;13;611;827;0;49;4;17;9830;;
242;14;729;819;0;45;10;11;12575;;
242;15;779;801;0;84;8;11;20767;;
242;16;576;897;0;60;20;19;6280;;
242;17;661;960;0;66;26;21;21272;;
242;19;763;934;1;88;19;18;6349;;
242;20;786;666;1;22;22;16;4923;;
242;53;874;230;0;89;13;35;7;;
242;54;944;332;1;18;14;7;6558;;
242;56;803;603;0;65;18;5;2288;;
242;59;542;890;6;62;20;20;34827;;
242;61;808;580;0;89;26;21;30472;;
242;62;777;596;4;12;24;7;11996;;
242;63;795;859;0;17;5;20;52428;;
242;64;758;708;2;23;11;8;4383;;
243;0;885;212;0;53;20;18;28936;;
243;1;963;248;0;48;15;18;12559;;
243;2;998;281;0;84;10;11;4383;;
243;3;902;310;0;100;12;12;20083;;
243;4;976;337;0;51;22;18;7443;;
243;5;839;388;0;75;12;11;35287;;
243;6;823;427;0;89;10;14;382;;
243;7;854;532;0;55;11;14;19543;;
243;8;698;581;0;105;9;15;25399;;
243;9;655;602;0;77;7;11;4383;;
243;12;843;706;0;91;21;24;52225;;
243;13;611;827;0;46;4;17;28398;;
243;14;728;822;0;54;12;11;29960;;
243;15;779;801;1;84;8;11;20767;;
243;16;576;898;0;50;18;17;6280;;
243;17;667;961;0;70;8;12;26340;;
243;19;763;934;0;88;19;18;6349;;
243;20;786;666;2;22;22;16;4923;;
243;53;875;229;0;87;13;35;7;;
243;54;937;309;0;59;21;19;4556;;
243;56;805;603;0;77;25;10;2160;;
243;59;542;890;7;62;20;20;34827;;
243;61;809;580;0;83;25;20;62984;;
243;62;786;590;0;15;31;13;20176;;
243;63;795;859;1;17;5;20;52428;;
243;64;762;692;0;26;9;16;18158;;
244;0;885;212;0;55;21;18;61704;;
244;1;962;247;0;61;20;19;28684;;
244;2;998;282;0;85;9;11;4383;;
244;3;902;311;0;94;11;11;4371;;
244;4;976;336;0;49;24;18;7475;;
244;5;836;389;0;74;11;11;6559;;
244;6;824;426;0;99;11;14;382;;
244;7;854;533;0;63;11;13;19543;;
244;8;699;581;0;91;9;13;26422;;
244;9;654;602;0;82;8;12;10086;;
244;12;843;706;0;106;21;24;52225;;
244;13;610;827;0;50;3;16;28398;;
244;14;729;819;0;43;10;11;28959;;
244;15;780;805;0;83;9;10;4383;;
244;16;576;898;0;58;20;20;4232;;
244;17;665;961;0;73;16;12;6002;;
244;19;764;934;0;82;19;19;6543;;
244;20;786;666;3;22;22;16;4923;;
244;53;875;228;0;83;13;35;8327;;
244;54;937;309;1;59;21;19;4556;;
244;56;806;604;0;82;23;9;2295;;
244;59;542;890;8;62;20;20;34827;;
244;61;808;579;0;86;28;20;65288;;
244;62;784;592;0;11;29;11;20176;;
244;63;795;859;2;17;5;20;52428;;
244;64;762;692;1;26;9;16;18158;;
245;0;885;212;0;58;20;19;12296;;
245;1;962;246;0;70;20;20;28684;;
245;2;998;282;0;90;11;11;4415;;
245;3;901;310;0;96;11;12;20211;;
245;4;976;337;0;50;9;18;28687;;
245;5;836;388;0;74;11;11;39327;;
245;6;824;427;0;99;11;14;350;;
245;7;854;532;0;57;11;13;19543;;
245;8;698;583;0;101;9;15;25399;;
245;9;654;602;0;82;7;12;9830;;
245;12;843;706;0;95;21;24;52225;;
245;13;611;827;0;45;3;18;26222;;
245;14;729;818;0;46;10;12;57870;;
245;15;780;804;0;87;9;10;20767;;
245;16;575;897;0;55;17;19;4236;;
245;17;667;960;0;67;16;12;33651;;
245;19;763;935;0;91;19;19;6349;;
245;20;782;666;0;13;15;16;6429;;
245;53;875;229;0;91;13;35;7;;
245;54;937;309;2;59;21;19;4556;;
245;56;803;603;0;73;19;9;2263;;
245;59;542;890;0;64;20;20;34819;;
245;61;809;578;0;94;28;20;7944;;
245;62;784;592;1;11;29;11;20176;;
245;63;795;859;3;17;5;20;52428;;
245;64;762;692;2;26;9;16;18158;;
246;0;885;212;0;55;20;18;28936;;
246;1;962;246;0;67;20;20;28684;;
246;2;998;281;0;89;12;15;4991;;
246;3;902;310;0;100;13;11;3827;;
246;4;976;337;0;60;22;18;7443;;
246;5;836;388;0;81;13;12;35223;;
246;6;824;426;0;106;11;14;366;;
246;7;855;533;0;55;7;13;30583;;
246;8;696;582;0;93;9;13;26487;;
246;9;655;602;0;78;7;12;26222;;
246;12;843;706;0;88;21;23;52225;;
246;13;611;827;0;53;6;17;26214;;
246;14;729;818;0;44;12;12;28942;;
246;15;780;804;0;102;9;11;12575;;
246;16;576;898;0;57;20;20;4236;;
246;17;662;960;0;74;16;12;6000;;
246;19;763;935;1;91;19;19;6349;;
246;20;779;672;0;15;18;16;4383;;
246;53;875;228;0;83;13;35;8327;;
246;54;937;309;3;59;21;19;4556;;
246;56;803;602;0;70;19;8;2291;;
246;59;542;890;1;64;20;20;34819;;
246;61;809;580;0;71;25;20;61704;;
246;62;784;592;0;11;29;10;20112;;
246;63;795;859;0;16;5;18;59534;;
246;64;762;692;0;32;8;11;4383;;
247;0;876;202;0;66;10;28;62208;;
247;1;962;246;0;61;20;20;28680;;
247;2;998;282;0;91;12;10;2038;;
247;3;901;310;0;99;11;11;883;;
247;4;975;337;0;57;23;18;7441;;
247;5;836;389;0;76;12;12;35223;;
247;6;823;427;0;92;11;14;382;;
247;7;854;532;0;58;11;15;21847;;
247;8;696;582;0;88;10;13;26423;;
247;9;655;602;0;78;7;12;26214;;
247;12;843;707;0;86;21;24;52225;;
247;13;611;827;0;49;3;16;28398;;
247;14;729;822;0;40;12;11;28942;;
247;15;780;805;0;87;9;11;12575;;
247;16;576;898;0;57;19;20;4236;;
247;17;662;961;0;77;16;12;37746;;
247;19;763;935;2;91;19;19;6349;;
247;20;779;672;1;15;18;16;4383;;
247;53;875;228;1;83;13;35;8327;;
247;54;937;309;4;59;21;19;4556;;
247;56;804;602;0;74;24;9;3184;;
247;59;542;890;2;64;20;20;34819;;
247;61;806;580;0;73;27;19;32524;;
247;62;784;592;0;13;30;9;20176;;
247;63;795;859;1;16;5;18;59534;;
247;64;761;699;0;23;12;6;5096;;
248;0;876;202;1;66;10;28;62208;;
248;1;962;246;0;61;20;20;28680;;
248;2;998;281;0;94;10;11;4383;;
248;3;902;310;0;102;13;12;20083;;
248;4;975;337;1;57;23;18;7441;;
248;5;836;389;0;81;14;12;1367;;
248;6;824;426;0;92;10;14;366;;
248;7;857;535;0;63;11;14;19543;;
248;8;695;583;0;98;11;14;26423;;
248;9;654;603;0;83;8;12;10086;;
248;12;843;706;0;93;20;24;52225;;
248;13;611;827;0;51;7;17;9830;;
248;14;729;818;0;40;13;10;8991;;
248;15;781;804;0;91;10;11;4383;;
248;16;574;898;0;72;5;12;52974;;
248;17;662;961;0;77;16;13;38770;;
248;19;763;935;3;91;19;19;6349;;
248;20;779;672;2;15;18;16;4383;;
248;53;875;228;2;83;13;35;8327;;
248;54;937;309;5;59;21;19;4556;;
248;56;807;604;0;85;25;11;2288;;
248;59;542;890;3;64;20;20;34819;;
248;61;806;580;0;58;24;19;63240;;
248;62;784;592;0;12;30;9;20176;;
248;63;795;859;0;19;6;20;52940;;
248;64;763;692;0;39;13;15;4383;;
249;0;876;202;0;67;10;28;62208;;
249;1;963;248;0;44;15;18;12557;;
249;2;998;282;0;81;10;11;4415;;
249;3;902;310;0;94;12;11;20339;;
249;4;976;337;0;43;21;18;40209;;
249;5;839;388;0;68;12;14;35223;;
249;6;826;424;0;95;11;13;366;;
249;7;854;532;0;61;11;15;21847;;
249;8;696;582;0;89;11;13;26423;;
249;9;654;602;0;78;7;11;4383;;
249;12;843;707;0;100;21;24;52225;;
249;13;611;827;0;57;6;16;26214;;
249;14;729;822;0;38;10;11;28959;;
249;15;781;804;1;91;10;11;4383;;
249;16;576;897;0;58;20;19;6280;;
249;17;667;960;0;63;15;12;4403;;
249;19;764;934;0;78;19;19;6543;;
249;20;784;669;0;22;19;16;4383;;
249;53;875;228;3;83;13;35;8327;;
249;54;937;309;6;59;21;19;4556;;
249;56;806;603;0;84;25;11;2288;;
249;59;542;890;4;64;20;20;34819;;
249;61;806;580;0;50;25;18;29448;;
249;62;786;593;0;12;30;9;20176;;
249;63;795;859;0;15;5;20;52428;;
249;64;760;699;0;26;5;15;4415;;
250;0;876;202;1;67;10;28;62208;;
250;1;963;248;0;47;21;18;28683;;
250;2;998;282;0;86;11;10;4383;;
250;3;902;310;0;105;12;12;52851;;
250;4;976;337;0;44;7;17;12551;;
250;5;840;388;0;71;12;12;35223;;
250;6;824;427;0;100;11;13;1390;;
250;7;856;534;0;69;11;15;21879;;
250;8;696;581;0;86;11;15;18231;;
250;9;654;602;0;82;7;12;26222;;
250;12;844;707;0;93;22;24;52225;;
250;13;611;827;0;57;4;18;26222;;
250;14;729;822;0;35;10;11;12575;;
250;15;781;804;2;91;10;11;4383;;
250;16;576;897;0;54;19;19;4492;;
250;17;662;960;0;76;17;13;33651;;
250;19;764;934;1;78;19;19;6543;;
250;20;784;669;1;22;19;16;4383;;
250;53;875;229;0;91;13;35;23;;
250;54;937;309;7;59;21;19;4556;;
250;56;807;603;0;68;21;6;2544;;
250;59;542;890;0;59;20;20;34827;;
250;61;814;582;0;76;28;22;29454;;
250;62;786;593;1;12;30;9;20176;;
250;63;795;859;1;15;5;20;52428;;
250;64;760;699;1;26;5;15;4415;;
251;0;876;202;2;67;10;28;62208;;
251;1;963;248;0;57;21;18;28680;;
251;2;998;281;0;85;11;11;4383;;
251;3;901;310;0;103;12;12;18291;;
251;4;976;337;0;53;22;17;7441;;
251;5;840;388;0;78;12;11;35223;;
251;6;825;427;0;112;11;14;1390;;
251;7;856;534;0;60;12;15;23895;;
251;8;696;581;0;96;11;15;18231;;
251;9;654;603;0;75;8;12;9830;;
251;12;844;706;0;85;22;24;52225;;
251;13;611;827;0;51;4;17;28398;;
251;14;730;818;0;54;12;12;28942;;
251;15;781;804;3;91;10;11;4383;;
251;16;575;898;0;60;9;12;36044;;
251;17;663;960;0;69;15;13;4919;;
251;19;763;934;0;93;19;18;6349;;
251;20;784;669;2;22;19;16;4383;;
251;53;875;228;0;91;14;35;19;;
251;54;944;332;0;25;14;8;6607;;
251;56;806;604;0;71;22;5;2288;;
251;59;542;890;0;61;20;20;34831;;
251;61;817;582;0;85;20;9;4080;;
251;62;786;593;2;12;30;9;20176;;
251;63;795;859;0;11;5;18;59596;;
251;64;760;699;2;26;5;15;4415;;
252;0;876;202;0;70;10;28;62208;;
252;1;963;248;0;50;21;18;28680;;
252;2;998;281;0;88;10;11;4383;;
252;3;902;311;0;104;12;12;34419;;
252;4;976;337;0;44;21;17;7443;;
252;5;839;389;0;70;12;11;34975;;
252;6;824;428;0;100;11;13;358;;
252;7;855;532;0;55;9;15;30583;;
252;8;695;582;0;89;11;13;26423;;
252;9;655;603;0;75;7;11;4383;;
252;12;844;708;0;91;21;25;52225;;
252;13;611;827;0;50;5;17;26222;;
252;14;730;818;1;54;12;12;28942;;
252;15;780;803;0;90;10;10;4383;;
252;16;576;898;0;51;20;17;6284;;
252;17;666;961;0;72;16;12;6002;;
252;19;763;934;1;93;19;18;6349;;
252;20;784;669;3;22;19;16;4383;;
252;53;875;228;1;91;14;35;19;;
252;54;944;332;1;25;14;8;6607;;
252;56;808;603;0;79;20;4;4080;;
252;59;542;890;1;61;20;20;34831;;
252;61;821;580;0;73;16;11;4606;;
252;62;786;593;3;12;30;9;20176;;
252;63;795;859;0;15;5;21;52428;;
252;64;760;699;3;26;5;15;4415;;
253;0;876;202;1;70;10;28;62208;;
253;1;963;248;0;45;20;18;28683;;
253;2;999;281;0;89;11;11;4383;;
253;3;902;310;0;105;12;12;3827;;
253;4;976;337;0;47;21;18;7443;;
253;5;836;388;0;74;11;12;34975;;
253;6;824;426;0;99;11;13;366;;
253;7;855;533;0;60;14;13;3271;;
253;8;695;582;0;83;13;16;50807;;
253;9;654;602;0;76;8;11;4415;;
253;12;843;706;0;100;21;24;52225;;
253;13;611;825;0;57;6;17;26222;;
253;14;728;822;0;41;10;12;25102;;
253;15;780;804;0;87;8;10;20767;;
253;16;576;898;0;49;17;20;6280;;
253;17;666;961;0;73;15;12;4915;;
253;19;763;934;2;93;19;18;6349;;
253;20;786;669;0;38;22;16;4923;;
253;53;875;229;0;95;14;35;23;;
253;54;944;332;2;25;14;8;6607;;
253;56;807;603;0;75;21;3;2544;;
253;59;542;890;0;62;20;20;34827;;
253;61;822;580;0;67;16;12;4606;;
253;62;778;593;0;23;10;8;4383;;
253;63;795;859;0;23;5;19;51404;;
253;64;760;699;4;26;5;15;4415;;
254;0;876;202;2;70;10;28;62208;;
254;1;963;248;0;52;21;18;28681;;
254;2;998;281;0;86;10;10;4383;;
254;3;902;310;0;106;12;12;20083;;
254;4;976;336;0;48;22;18;56593;;
254;5;836;389;0;70;12;12;35223;;
254;6;824;426;0;102;11;12;5614;;
254;7;854;532;0;60;7;13;30583;;
254;8;694;581;0;77;10;14;26423;;
254;9;654;602;1;76;8;11;4415;;
254;12;843;706;0;107;21;24;52225;;
254;13;611;827;0;63;5;16;28398;;
254;14;728;822;1;41;10;12;25102;;
254;15;781;804;0;90;10;10;21791;;
254;16;576;898;0;49;17;20;6280;;
254;17;666;961;0;79;10;12;30438;;
254;19;763;934;3;93;19;18;6349;;
254;20;786;669;1;38;22;16;4923;;
254;53;875;228;0;84;13;35;8339;;
254;54;944;332;3;25;14;8;6607;;
254;56;808;604;0;71;22;3;2288;;
254;59;542;890;1;62;20;20;34827;;
254;61;822;578;0;61;17;16;4542;;
254;62;778;593;1;23;10;8;4383;;
254;63;795;859;0;15;5;16;52940;;
254;64;760;699;5;26;5;15;4415;;
255;0;876;202;3;70;10;28;62208;;
255;1;962;246;0;65;20;20;28686;;
255;2;998;281;0;85;10;10;4383;;
255;3;902;310;0;99;12;12;3827;;
255;4;976;337;0;46;21;18;7443;;
255;5;836;388;0;75;12;12;34967;;
255;6;824;426;0;102;10;14;366;;
255;7;854;533;0;64;10;15;30579;;
255;8;696;582;0;93;13;15;18231;;
255;9;654;602;0;78;8;11;4383;;
255;12;843;706;0;97;21;24;52225;;
255;13;611;826;0;55;7;15;9839;;
255;14;729;822;0;40;15;12;4895;;
255;15;781;804;0;85;10;10;4383;;
255;16;576;897;0;63;21;19;4236;;
255;17;665;960;0;69;11;11;4383;;
255;19;764;934;0;82;19;19;6285;;
255;20;786;669;2;38;22;16;4923;;
255;53;874;230;0;92;12;35;23;;
255;54;944;332;4;25;14;8;6607;;
255;56;807;604;0;71;27;9;2295;;
255;59;542;890;2;62;20;20;34827;;
255;61;823;579;0;73;15;14;4383;;
255;62;778;593;2;23;10;8;4383;;
255;63;795;859;1;15;5;16;52940;;
255;64;760;699;6;26;5;15;4415;;
256;0;885;212;0;55;21;18;28936;;
256;1;963;248;0;44;15;18;12559;;
256;2;998;281;0;83;11;10;4383;;
256;3;902;310;0;97;11;11;371;;
256;4;976;337;0;55;24;17;6451;;
256;5;835;387;0;73;10;11;39327;;
256;6;824;426;0;108;11;12;6638;;
256;7;854;532;0;61;7;13;30583;;
256;8;696;583;0;93;9;15;10039;;
256;9;655;603;0;80;7;12;9830;;
256;12;847;706;0;104;22;24;52225;;
256;13;611;827;0;51;5;18;26214;;
256;14;730;818;0;35;10;8;5919;;
256;15;781;804;0;89;9;11;4383;;
256;16;576;898;0;59;20;20;4232;;
256;17;666;961;0;74;17;13;1906;;
256;19;764;934;1;82;19;19;6285;;
256;20;786;669;3;38;22;16;4923;;
256;53;875;229;0;95;13;35;23;;
256;54;944;332;5;25;14;8;6607;;
256;56;802;602;0;70;21;9;2295;;
256;59;542;890;3;62;20;20;34827;;
256;61;823;580;0;57;15;10;4383;;
256;62;786;593;0;11;32;8;20112;;
256;63;795;859;2;15;5;16;52940;;
256;64;760;699;7;26;5;15;4415;;
257;0;876;202;0;69;10;28;62208;;
257;1;963;248;0;45;15;18;12559;;
257;2;998;282;0;86;10;10;4383;;
257;3;901;310;0;101;13;13;3827;;
257;4;975;337;0;46;22;17;7441;;
257;5;836;388;0;71;13;12;35223;;
257;6;824;426;0;105;11;14;366;;
257;7;855;533;0;63;7;13;30583;;
257;8;698;581;0;93;9;14;18294;;
257;9;654;602;0;81;8;13;1894;;
257;12;843;706;0;88;21;23;52225;;
257;13;611;827;0;53;4;18;9830;;
257;14;730;822;0;39;10;11;28959;;
257;15;781;804;0;93;10;10;20767;;
257;16;576;898;0;54;17;20;6284;;
257;17;662;961;0;67;15;12;4403;;
257;19;764;934;2;82;19;19;6285;;
257;20;786;669;4;38;22;16;4923;;
257;53;875;229;1;95;13;35;23;;
257;54;944;332;6;25;14;8;6607;;
257;56;799;601;0;55;25;19;36067;;
257;59;542;890;0;66;20;20;34831;;
257;61;820;581;0;89;20;10;2016;;
257;62;786;593;1;11;32;8;20112;;
257;63;795;859;0;26;5;17;36044;;
257;64;760;699;8;26;5;15;4415;;
258;0;885;212;0;63;21;18;28936;;
258;1;963;248;0;53;21;18;28684;;
258;2;999;282;0;86;11;10;4383;;
258;3;902;310;0;96;12;11;20339;;
258;4;975;337;0;47;23;17;7441;;
258;5;839;389;0;69;10;11;6559;;
258;6;824;428;0;98;11;12;4078;;
258;7;857;535;0;63;7;13;30583;;
258;8;697;582;0;96;9;13;26423;;
258;9;654;602;1;81;8;13;1894;;
258;12;843;706;0;84;21;23;52225;;
258;13;611;827;0;69;5;17;28262;;
258;14;730;822;1;39;10;11;28959;;
258;15;781;805;0;88;10;11;20767;;
258;16;576;898;0;51;19;19;4236;;
258;17;665;961;0;82;16;12;6002;;
258;19;764;934;3;82;19;19;6285;;
258;20;786;669;5;38;22;16;4923;;
258;53;874;230;0;86;12;35;7;;
258;54;944;332;7;25;14;8;6607;;
258;56;797;601;0;32;23;14;52913;;
258;59;542;890;1;66;20;20;34831;;
258;61;820;581;0;74;19;8;502;;
258;62;786;593;2;11;32;8;20112;;
258;63;795;859;0;28;5;18;36044;;
258;64;760;699;9;26;5;15;4415;;
259;0;885;212;0;51;20;18;62216;;
259;1;962;247;0;59;20;19;28684;;
259;2;998;282;0;90;11;11;4383;;
259;3;902;310;0;102;13;12;3827;;
259;4;976;337;0;52;22;18;7443;;
259;5;836;388;0;71;12;12;35287;;
259;6;824;428;0;92;10;14;382;;
259;7;857;535;0;63;7;14;30579;;
259;8;696;582;0;101;11;13;25399;;
259;9;655;603;0;77;8;11;4383;;
259;12;843;706;0;89;21;23;52225;;
259;13;610;826;0;54;3;16;20206;;
259;14;730;822;2;39;10;11;28959;;
259;15;780;804;0;89;9;11;4383;;
259;16;576;897;0;51;18;19;4236;;
259;17;662;960;0;79;17;13;882;;
259;19;764;934;4;82;19;19;6285;;
259;20;786;669;6;38;22;16;4923;;
259;53;875;229;0;87;13;35;7;;
259;54;944;332;8;25;14;8;6607;;
259;56;796;602;0;51;24;15;52913;;
259;59;542;890;2;66;20;20;34831;;
259;61;820;582;0;87;17;8;1008;;
259;62;786;593;3;11;32;8;20112;;
259;63;795;859;0;26;5;17;36044;;
260;0;885;212;0;56;20;18;62216;;
260;1;963;247;0;58;21;19;28686;;
260;2;997;281;0;88;12;10;2046;;
260;3;902;310;0;99;12;12;3827;;
260;4;976;336;0;56;23;18;7443;;
260;5;839;388;0;68;12;14;2391;;
260;6;823;426;0;93;10;11;4383;;
260;7;856;535;0;66;8;13;30583;;
260;8;694;581;0;96;13;12;25395;;
260;9;655;602;0;76;7;11;4383;;
260;12;847;708;0;93;21;24;52225;;
260;13;611;827;0;58;5;16;28390;;
260;14;727;822;0;29;9;11;12575;;
260;15;780;802;0;88;10;11;20767;;
260;16;577;897;0;52;20;19;12424;;
260;17;663;961;0;67;13;12;13107;;
260;19;764;934;5;82;19;19;6285;;
260;20;763;691;0;38;8;16;510;;
260;53;875;229;0;94;14;35;7;;
260;54;944;332;9;25;14;8;6607;;
260;56;797;602;0;53;23;12;52881;;
260;59;542;890;3;66;20;20;34831;;
260;61;823;582;0;67;19;7;2556;;
260;62;786;593;4;11;32;8;20112;;
260;63;795;859;0;34;5;17;36044;;
261;0;885;212;0;61;20;18;62216;;
261;1;962;247;0;63;20;19;28684;;
261;2;998;282;0;85;11;9;4383;;
261;3;902;311;0;97;12;12;20339;;
261;4;976;337;0;41;6;18;13079;;
261;5;838;389;0;72;10;12;35223;;
261;6;823;426;0;103;11;14;366;;
261;7;856;534;0;73;8;14;14195;;
261;8;694;581;0;92;14;15;62259;;
261;9;654;602;0;81;7;12;9838;;
261;12;844;706;0;97;22;24;52225;;
261;13;611;827;0;60;4;15;26222;;
261;14;727;822;0;40;9;12;58894;;
261;15;781;804;0;88;10;10;20767;;
261;16;576;898;0;54;19;20;14476;;
261;17;662;960;0;68;17;13;33651;;
261;19;764;934;0;90;20;19;6280;;
261;20;764;692;0;27;8;12;24862;;
261;53;874;228;0;78;12;35;8327;;
261;56;798;602;0;51;22;13;52881;;
261;59;542;890;4;66;20;20;34831;;
261;61;826;582;0;56;15;4;383;;
261;62;777;599;0;10;24;4;12240;;
261;63;795;859;0;39;5;19;3310;;
262;0;876;202;0;72;10;28;62208;;
262;1;963;248;0;49;15;18;12559;;
262;2;998;282;0;92;11;11;4415;;
262;3;902;310;0;102;12;12;3827;;
262;4;975;337;0;53;23;18;7441;;
262;5;840;388;0;67;12;12;34967;;
262;6;824;426;0;91;11;14;382;;
262;7;858;535;0;73;10;13;18295;;
262;8;696;583;0;97;9;14;26422;;
262;9;654;602;0;78;7;12;9830;;
262;12;843;706;0;95;21;24;52225;;
262;13;611;827;0;44;3;18;26222;;
262;14;727;821;0;36;10;11;12575;;
262;15;780;805;0;93;9;11;4383;;
262;16;575;898;0;61;9;12;36044;;
262;17;662;961;0;67;15;12;37747;;
262;19;764;934;1;90;20;19;6280;;
262;20;764;692;1;27;8;12;24862;;
262;53;874;228;1;78;12;35;8327;;
262;56;795;604;0;45;22;13;61329;;
262;59;542;890;5;66;20;20;34831;;
262;61;826;582;0;69;22;7;4080;;
262;62;777;599;1;10;24;4;12240;;
262;63;795;859;0;30;5;18;44236;;
262;65;937;309;0;58;21;19;4556;;
263;0;885;212;0;57;21;18;28936;;
263;1;963;248;0;50;20;18;28684;;
263;2;998;282;0;83;11;10;4415;;
263;3;902;310;0;95;12;12;19571;;
263;4;975;337;0;46;8;18;12551;;
263;5;836;388;0;74;13;13;35223;;
263;6;824;427;0;101;11;14;382;;
263;7;856;533;0;72;7;12;26487;;
263;8;696;583;0;84;9;15;26422;;
263;9;654;602;0;83;7;12;26214;;
263;12;843;706;0;101;21;24;52225;;
263;13;611;827;0;54;7;17;26214;;
263;14;726;822;0;26;16;11;4070;;
263;15;781;804;0;92;9;11;4383;;
263;16;575;897;0;57;17;19;4236;;
263;17;666;961;0;70;14;12;4915;;
263;19;764;934;2;90;20;19;6280;;
263;20;764;692;2;27;8;12;24862;;
263;53;874;229;0;85;17;35;8195;;
263;56;796;604;0;54;23;19;60945;;
263;59;542;890;0;66;20;20;34827;;
263;61;828;580;0;73;17;6;2032;;
263;62;778;593;0;13;22;7;11484;;
263;63;796;859;0;26;4;16;52940;;
263;65;937;309;1;58;21;19;4556;;
264;0;885;212;0;56;21;18;28936;;
264;1;963;248;0;46;14;18;12559;;
264;2;998;282;0;91;10;11;4415;;
264;3;901;310;0;96;12;11;20339;;
264;4;976;337;0;50;24;18;7475;;
264;5;839;388;0;76;13;14;35223;;
264;6;824;426;0;95;11;12;4078;;
264;7;854;533;0;67;7;12;26215;;
264;8;696;584;0;82;9;12;26478;;
264;9;654;602;0;75;8;11;4415;;
264;12;843;706;0;99;21;24;52225;;
264;13;611;827;0;50;5;17;9830;;
264;14;726;822;0;30;9;11;12575;;
264;15;780;804;0;95;10;11;20767;;
264;16;576;898;0;56;19;20;6284;;
264;17;667;961;0;72;18;13;33651;;
264;19;763;934;0;89;19;18;6349;;
264;20;764;692;3;27;8;12;24862;;
264;53;875;229;0;92;14;35;7;;
264;56;795;601;0;15;22;12;61328;;
264;59;542;890;1;66;20;20;34827;;
264;61;833;581;0;81;19;5;496;;
264;62;778;593;1;13;22;7;11484;;
264;63;795;859;0;25;5;19;44238;;
264;65;937;309;2;58;21;19;4556;;
265;0;876;202;0;67;11;28;62208;;
265;1;962;246;0;59;20;20;28680;;
265;2;998;282;0;88;10;11;4383;;
265;3;901;310;0;98;11;11;4439;;
265;4;976;337;0;46;7;18;12551;;
265;5;836;389;0;78;12;12;35223;;
265;6;824;426;0;109;11;14;350;;
265;7;865;535;0;66;6;12;30579;;
265;8;696;582;0;84;9;14;18302;;
265;9;654;601;0;77;7;11;4415;;
265;12;843;706;0;107;21;24;52225;;
265;13;610;827;0;62;8;17;26214;;
265;14;726;822;0;30;11;11;12575;;
265;15;780;803;0;91;9;11;4383;;
265;16;576;898;0;51;20;20;4236;;
265;17;667;961;0;75;16;13;38770;;
265;19;763;934;0;86;19;19;6351;;
265;20;764;692;4;27;8;12;24862;;
265;53;875;229;1;92;14;35;7;;
265;56;794;597;0;29;18;6;4056;;
265;59;542;890;2;66;20;20;34827;;
265;61;828;580;0;80;18;7;496;;
265;62;778;593;2;13;22;7;11484;;
265;63;795;859;0;15;5;17;59596;;
265;65;937;309;3;58;21;19;4556;;
266;0;885;212;0;53;21;18;61704;;
266;1;963;248;0;48;15;18;12303;;
266;2;998;282;0;79;10;10;4415;;
266;3;901;311;0;95;11;11;375;;
266;4;976;337;1;46;7;18;12551;;
266;5;836;389;0;78;11;12;34975;;
266;6;823;426;0;95;11;11;4383;;
266;7;855;533;0;62;6;12;14195;;
266;8;695;583;0;102;11;16;59238;;
266;9;654;602;0;85;7;12;9830;;
266;12;843;706;0;104;21;24;52225;;
266;13;611;827;0;46;6;16;26214;;
266;14;727;818;0;36;14;7;2047;;
266;15;780;804;0;82;9;10;4383;;
266;16;576;898;1;51;20;20;4236;;
266;17;662;960;0;82;18;13;819;;
266;19;763;934;1;86;19;19;6351;;
266;20;764;692;5;27;8;12;24862;;
266;53;874;230;0;92;13;35;7;;
266;56;791;596;0;48;7;12;61420;;
266;59;542;890;3;66;20;20;34827;;
266;61;839;579;0;96;18;7;2016;;
266;62;778;593;3;13;22;7;11484;;
266;63;795;859;1;15;5;17;59596;;
266;65;937;309;4;58;21;19;4556;;
267;0;885;212;0;57;20;18;62216;;
267;1;962;247;0;48;20;19;28684;;
267;2;998;281;0;85;10;11;4383;;
267;3;902;310;0;94;12;11;20083;;
267;4;976;337;2;46;7;18;12551;;
267;5;836;388;0;69;12;12;35287;;
267;6;824;426;0;94;10;14;382;;
267;7;855;533;0;62;5;12;30579;;
267;8;695;582;0;86;9;16;50790;;
267;9;654;602;0;78;8;10;4383;;
267;12;843;708;0;89;21;24;52225;;
267;13;611;827;0;42;5;16;28270;;
267;14;727;820;0;33;15;6;1023;;
267;15;781;804;0;87;10;10;4383;;
267;16;576;897;0;51;19;19;4492;;
267;17;666;961;0;72;17;13;33587;;
267;19;763;934;0;90;19;19;6285;;
267;20;764;692;6;27;8;12;24862;;
267;53;875;229;0;89;14;35;7;;
267;56;829;588;0;93;19;15;6024;;
267;59;542;890;4;66;20;20;34827;;
267;61;844;575;0;97;21;19;1992;;
267;62;778;593;4;13;22;7;11484;;
267;63;795;859;2;15;5;17;59596;;
267;65;937;309;5;58;21;19;4556;;
268;0;876;202;0;72;11;28;63232;;
268;1;963;246;0;54;21;20;28684;;
268;2;997;282;0;86;11;9;4383;;
268;3;902;310;0;104;12;12;3699;;
268;4;976;337;0;55;7;19;13079;;
268;5;838;390;0;70;10;12;35287;;
268;6;823;426;0;106;11;14;382;;
268;7;855;533;1;62;5;12;30579;;
268;8;696;582;0;110;11;17;18294;;
268;9;655;602;0;80;7;12;9830;;
268;12;843;706;0;94;21;24;52225;;
268;13;611;827;0;52;4;18;9830;;
268;14;728;817;0;35;14;11;14103;;
268;15;781;804;0;104;10;10;4383;;
268;16;576;898;0;58;20;20;6284;;
268;17;667;960;0;72;9;11;4383;;
268;19;763;934;0;91;20;18;6348;;
268;20;764;692;7;27;8;12;24862;;
268;53;875;229;1;89;14;35;7;;
268;56;829;588;0;75;18;10;6088;;
268;59;542;890;0;65;20;20;34827;;
268;61;840;576;0;93;26;17;4600;;
268;62;792;595;0;40;10;11;4383;;
268;63;795;859;0;10;6;15;2190;;
268;65;937;309;6;58;21;19;4556;;
269;0;885;212;0;51;20;18;28936;;
269;1;963;248;0;47;21;19;28684;;
269;2;998;281;0;93;11;10;4383;;
269;3;901;310;0;100;12;11;53107;;
269;4;976;337;0;49;20;18;7441;;
269;5;840;389;0;73;12;11;35223;;
269;6;823;427;0;101;11;14;366;;
269;7;855;534;0;72;6;12;14195;;
269;8;695;581;0;102;11;16;50806;;
269;9;655;602;0;81;7;13;10087;;
269;12;843;706;0;87;21;23;52225;;
269;13;611;827;0;61;5;19;9830;;
269;14;726;817;0;41;15;7;1023;;
269;15;781;804;1;104;10;10;4383;;
269;16;575;898;0;61;9;12;36044;;
269;17;666;961;0;68;16;13;38770;;
269;19;764;934;0;87;20;19;6284;;
269;20;764;692;8;27;8;12;24862;;
269;53;875;228;0;82;13;35;8327;;
269;56;829;588;1;75;18;10;6088;;
269;59;542;890;1;65;20;20;34827;;
269;61;853;569;0;99;25;14;1004;;
269;62;792;595;0;46;10;11;4383;;
269;63;795;859;0;14;5;18;36044;;
269;65;944;332;0;19;12;8;40398;;
270;0;885;212;0;54;21;18;28936;;
270;1;962;247;0;54;20;19;28684;;
270;2;998;282;0;79;9;10;4383;;
270;3;902;311;0;96;12;11;52851;;
270;4;976;336;0;50;24;18;7475;;
270;5;836;388;0;71;10;12;35223;;
270;6;824;426;0;96;11;13;358;;
270;7;855;534;0;73;6;12;14195;;
270;8;696;581;0;73;11;14;17975;;
270;9;655;603;0;80;7;12;26214;;
270;12;843;706;0;98;21;24;52225;;
270;13;611;827;0;41;5;15;9839;;
270;14;726;817;0;45;15;11;3967;;
270;15;779;802;0;90;10;10;5407;;
270;16;575;897;0;59;17;19;4236;;
270;17;661;960;0;71;26;21;21272;;
270;19;764;934;1;87;20;19;6284;;
270;20;764;692;9;27;8;12;24862;;
270;53;875;229;0;91;13;35;7;;
270;56;829;588;2;75;18;10;6088;;
270;59;542;890;0;67;20;20;34819;;
270;61;857;568;0;94;25;13;1992;;
270;62;792;595;1;46;10;11;4383;;
270;63;795;859;1;14;5;18;36044;;
270;65;943;332;0;36;13;8;52686;;
271;0;876;202;0;64;10;28;62208;;
271;1;963;248;0;52;21;18;28684;;
271;2;998;281;0;85;11;10;4415;;
271;3;902;310;0;99;13;11;3827;;
271;4;976;337;0;44;21;18;7441;;
271;5;836;388;0;73;11;12;34975;;
271;6;823;426;0;89;10;13;2286;;
271;7;855;534;0;65;6;12;14195;;
271;8;695;580;0;95;11;15;18039;;
271;9;654;602;0;77;8;12;10086;;
271;12;844;706;0;101;22;24;52225;;
271;13;611;823;0;52;6;16;28262;;
271;14;727;818;0;51;15;11;3959;;
271;15;780;804;0;88;9;11;4383;;
271;16;576;898;0;47;8;12;36044;;
271;17;664;960;0;76;16;12;38770;;
271;19;763;934;0;87;19;18;6349;;
271;20;760;699;0;30;7;12;26222;;
271;53;875;229;1;91;13;35;7;;
271;56;829;588;3;75;18;10;6088;;
271;59;542;890;1;67;20;20;34819;;
271;61;858;568;0;91;21;7;2032;;
271;62;792;595;2;46;10;11;4383;;
271;63;795;859;0;25;6;20;52940;;
271;65;943;332;1;36;13;8;52686;;
272;0;876;202;0;64;10;28;62208;;
272;1;963;248;0;50;21;18;28684;;
272;2;998;281;0;89;10;12;2046;;
272;3;902;310;0;97;12;11;20339;;
272;4;976;337;1;44;21;18;7441;;
272;5;836;388;0;72;12;12;35287;;
272;6;823;428;0;91;11;11;4383;;
272;7;854;534;0;62;6;12;14199;;
272;8;695;580;0;92;11;15;18039;;
272;9;655;602;0;79;7;12;9830;;
272;12;843;706;0;99;21;24;52225;;
272;13;611;827;0;45;5;16;28398;;
272;14;727;819;0;40;13;8;4095;;
272;15;781;804;0;88;10;11;4383;;
272;16;576;897;0;55;19;19;4236;;
272;17;663;961;0;75;17;12;37746;;
272;19;764;934;0;87;20;19;6280;;
272;20;760;699;1;30;7;12;26222;;
272;53;875;229;2;91;13;35;7;;
272;56;829;588;4;75;18;10;6088;;
272;59;542;890;2;67;20;20;34819;;
272;61;861;567;0;95;20;8;4064;;
272;62;793;593;0;17;19;7;2552;;
272;63;795;859;0;19;5;20;52428;;
272;65;943;332;2;36;13;8;52686;;
273;0;885;212;0;55;20;18;62216;;
273;1;963;248;0;48;15;18;12559;;
273;2;998;281;0;85;10;11;4383;;
273;3;902;310;0;97;12;11;53107;;
273;4;976;337;0;59;24;18;6451;;
273;5;836;388;0;73;12;11;35287;;
273;6;823;428;0;100;11;13;382;;
273;7;855;533;0;67;9;12;17478;;
273;8;696;580;0;87;11;15;18039;;
273;9;655;602;0;80;7;12;9830;;
273;12;843;707;0;97;21;25;52225;;
273;13;611;827;0;58;7;18;9830;;
273;14;727;821;0;51;16;8;4087;;
273;15;781;803;0;86;9;11;5407;;
273;16;576;898;0;55;19;20;4236;;
273;17;665;961;0;70;16;13;38770;;
273;19;764;934;1;87;20;19;6280;;
273;20;760;699;2;30;7;12;26222;;
273;53;875;229;0;94;14;35;7;;
273;56;829;588;5;75;18;10;6088;;
273;59;542;890;3;67;20;20;34819;;
273;61;859;564;0;91;18;9;511;;
273;62;793;593;1;17;19;7;2552;;
273;63;795;859;1;19;5;20;52428;;
273;65;943;332;3;36;13;8;52686;;
274;0;876;203;0;73;11;27;62208;;
274;1;963;247;0;53;21;19;28684;;
274;2;998;282;0;87;10;11;4383;;
274;3;902;310;0;101;12;11;20339;;
274;4;976;337;1;59;24;18;6451;;
274;5;836;390;0;75;12;11;35287;;
274;6;824;425;0;98;11;14;382;;
274;7;854;533;0;61;5;12;30583;;
274;8;695;579;0;87;11;15;18039;;
274;9;655;602;0;75;7;11;4383;;
274;12;843;706;0;105;21;24;52225;;
274;13;611;827;0;49;4;16;28398;;
274;14;727;819;0;42;13;11;11615;;
274;15;781;804;0;87;9;11;4383;;
274;16;576;898;1;55;19;20;4236;;
274;17;661;960;0;73;25;21;21272;;
274;19;764;934;2;87;20;19;6280;;
274;20;761;699;0;27;8;10;4383;;
274;53;875;229;1;94;14;35;7;;
274;56;829;588;6;75;18;10;6088;;
274;59;542;890;0;63;20;20;34827;;
274;61;857;562;0;95;18;15;4383;;
274;62;794;592;0;26;18;11;8152;;
274;63;795;859;0;16;5;18;59596;;
274;65;943;332;4;36;13;8;52686;;
275;0;885;212;0;56;20;18;28936;;
275;1;963;247;0;47;20;19;28680;;
275;2;998;282;0;91;11;11;4383;;
275;3;902;310;0;91;12;11;20339;;
275;4;976;337;0;42;21;18;7441;;
275;5;836;389;0;78;12;12;35223;;
275;6;824;427;0;91;10;14;382;;
275;7;855;533;0;64;6;12;30579;;
275;8;695;579;0;80;10;14;18039;;
275;9;654;602;0;82;8;13;10087;;
275;12;843;706;0;101;21;24;52225;;
275;13;611;827;0;63;4;17;28398;;
275;14;727;818;0;45;12;12;27910;;
275;15;781;804;0;90;9;10;20767;;
275;16;576;898;2;55;19;20;4236;;
275;17;666;961;0;71;9;12;28396;;
275;19;764;934;3;87;20;19;6280;;
275;20;781;666;0;22;19;17;4383;;
275;53;874;230;0;87;12;35;7;;
275;56;829;588;7;75;18;10;6088;;
275;59;542;890;1;63;20;20;34827;;
275;61;858;560;0;81;14;19;12575;;
275;62;798;585;0;35;15;13;4383;;
275;63;795;859;0;19;5;19;35020;;
275;65;943;332;5;36;13;8;52686;;
276;0;885;212;0;58;21;18;28936;;
276;1;963;247;0;58;21;19;28680;;
276;2;998;281;0;90;11;10;4383;;
276;3;901;310;0;103;12;12;18291;;
276;4;976;337;0;43;20;19;7441;;
276;5;840;388;0;71;11;12;35031;;
276;6;824;427;0;99;11;14;366;;
276;7;855;534;0;63;10;24;30498;;
276;8;695;580;0;87;12;15;50743;;
276;9;655;603;0;78;7;12;9830;;
276;12;844;707;0;89;21;24;52225;;
276;13;611;827;0;61;8;17;9830;;
276;14;727;819;0;47;13;11;8055;;
276;15;781;804;0;93;10;10;4383;;
276;16;576;897;0;58;20;19;14472;;
276;17;667;961;0;70;16;13;38770;;
276;19;764;934;0;85;20;19;6280;;
276;20;781;666;1;22;19;17;4383;;
276;53;874;230;1;87;12;35;7;;
276;56;829;588;8;75;18;10;6088;;
276;59;542;890;2;63;20;20;34827;;
276;61;856;568;0;91;11;18;13087;;
276;62;798;585;0;36;5;12;9964;;
276;63;796;859;0;30;5;14;24718;;
276;65;943;332;6;36;13;8;52686;;
276;66;758;711;0;13;5;13;13174;;
277;0;876;202;0;65;23;28;62208;;
277;1;962;247;0;57;20;20;28684;;
277;2;998;282;0;86;11;11;4383;;
277;3;902;310;0;88;12;10;20339;;
277;4;975;337;0;52;23;17;7441;;
277;5;840;388;0;64;10;11;39327;;
277;6;823;427;0;99;11;11;4383;;
277;7;854;534;0;47;10;22;30513;;
277;8;695;579;0;78;11;13;50739;;
277;9;655;602;0;83;7;12;26214;;
277;12;843;706;0;97;21;24;52225;;
277;13;611;827;0;48;6;17;26214;;
277;14;727;819;0;34;14;5;1023;;
277;15;781;803;0;83;8;11;5407;;
277;16;575;897;0;61;19;19;4236;;
277;17;666;961;0;63;7;11;4383;;
277;19;763;934;0;91;19;18;6349;;
277;20;782;665;0;16;15;17;4383;;
277;53;874;230;2;87;12;35;7;;
277;56;829;588;9;75;18;10;6088;;
277;59;542;890;0;65;20;20;34827;;
277;61;861;569;0;76;13;19;13071;;
277;62;797;588;0;49;16;14;6463;;
277;63;796;859;1;30;5;14;24718;;
277;65;943;332;7;36;13;8;52686;;
277;66;758;711;1;13;5;13;13174;;
278;0;885;212;0;54;21;18;28936;;
278;1;963;248;0;47;21;18;28684;;
278;2;998;281;0;87;11;11;4415;;
278;3;901;310;0;100;11;12;3699;;
278;4;975;337;0;58;25;18;7475;;
278;5;836;388;0;69;12;12;35287;;
278;6;824;427;0;94;11;14;382;;
278;7;854;533;0;34;10;22;30513;;
278;8;694;579;0;80;12;12;50995;;
278;9;655;602;1;83;7;12;26214;;
278;12;847;707;0;99;21;25;52225;;
278;13;611;827;0;50;5;18;26222;;
278;14;725;818;0;49;12;12;30467;;
278;15;781;804;0;94;10;10;4383;;
278;16;576;898;0;53;20;19;6284;;
278;17;661;960;0;74;16;13;37682;;
278;19;763;934;1;91;19;18;6349;;
278;20;786;670;0;13;18;16;4383;;
278;53;874;229;0;81;12;35;7;;
278;59;542;890;1;65;20;20;34827;;
278;61;856;567;0;92;12;22;12303;;
278;62;797;587;0;42;6;13;8814;;
278;63;796;859;2;30;5;14;24718;;
278;65;943;332;8;36;13;8;52686;;
278;66;758;711;2;13;5;13;13174;;
278;67;864;547;0;48;11;21;30515;;
278;68;774;600;0;32;7;12;26214;;
279;0;885;212;0;55;21;18;28936;;
279;1;963;248;0;46;15;18;12557;;
279;2;998;282;0;88;10;13;1918;;
279;3;902;310;0;97;12;11;20083;;
279;4;976;337;0;37;6;18;12551;;
279;5;836;388;0;70;11;11;39327;;
279;6;823;426;0;101;11;13;4462;;
279;7;854;533;0;23;11;20;26208;;
279;8;694;579;0;88;12;13;50803;;
279;9;655;603;0;73;8;10;4415;;
279;12;843;706;0;104;21;24;52225;;
279;13;611;827;0;47;4;17;28398;;
279;14;726;818;0;38;8;11;4383;;
279;15;780;802;0;86;8;11;4383;;
279;16;576;898;0;58;20;19;6284;;
279;17;667;961;0;64;8;12;26348;;
279;19;763;934;0;92;19;19;6287;;
279;20;786;670;1;13;18;16;4383;;
279;53;875;228;0;93;13;35;8327;;
279;59;542;890;2;65;20;20;34827;;
279;61;856;567;1;92;12;22;12303;;
279;62;785;590;0;13;28;15;6136;;
279;63;795;859;0;13;5;20;52428;;
279;65;943;332;9;36;13;8;52686;;
279;66;758;711;3;13;5;13;13174;;
279;67;864;547;0;64;11;21;30513;;
279;68;774;600;1;32;7;12;26214;;
280;0;876;202;0;71;24;28;62208;;
280;1;963;248;0;50;21;18;28684;;
280;2;999;282;0;88;11;11;4383;;
280;3;902;310;0;95;12;11;20339;;
280;4;976;337;0;52;22;18;6419;;
280;5;836;389;0;71;12;11;35223;;
280;6;824;428;0;100;11;11;4383;;
280;7;854;533;1;23;11;20;26208;;
280;8;695;580;0;80;13;12;50995;;
280;9;654;602;0;79;7;12;26214;;
280;12;843;706;0;98;21;24;52225;;
280;13;611;827;0;41;3;16;28398;;
280;14;728;822;0;34;6;12;26471;;
280;15;781;804;0;88;10;10;20767;;
280;16;576;898;0;49;8;12;36044;;
280;17;662;961;0;79;16;12;38768;;
280;19;763;934;1;92;19;19;6287;;
280;20;786;667;0;36;22;17;13081;;
280;53;875;228;1;93;13;35;8327;;
280;59;542;890;0;67;20;20;34827;;
280;61;856;567;2;92;12;22;12303;;
280;62;785;590;1;13;28;15;6136;;
280;63;795;860;0;12;5;17;60620;;
280;66;758;711;4;13;5;13;13174;;
280;67;864;547;1;64;11;21;30513;;
280;68;782;600;0;18;28;15;6136;;
280;69;798;587;0;43;16;13;6451;;
281;0;877;202;0;64;12;28;62208;;
281;1;962;246;0;54;20;20;28680;;
281;2;998;281;0;90;10;11;4383;;
281;3;902;310;0;96;12;12;20211;;
281;4;976;337;0;48;9;18;28679;;
281;5;836;389;0;74;11;12;34967;;
281;6;824;427;0;95;10;14;382;;
281;7;854;533;2;23;11;20;26208;;
281;8;695;579;0;80;12;13;51059;;
281;9;654;602;0;81;7;12;9838;;
281;12;843;706;0;106;21;24;52225;;
281;13;611;827;0;52;4;17;19694;;
281;14;728;822;0;31;8;11;4383;;
281;15;781;803;0;86;10;10;4383;;
281;16;576;898;1;49;8;12;36044;;
281;17;662;960;0;74;26;21;21272;;
281;19;763;934;2;92;19;19;6287;;
281;20;786;667;1;36;22;17;13081;;
281;53;875;228;2;93;13;35;8327;;
281;59;542;890;1;67;20;20;34827;;
281;61;856;567;3;92;12;22;12303;;
281;62;786;589;0;10;28;15;5624;;
281;63;795;860;1;12;5;17;60620;;
281;66;764;692;0;26;9;18;4383;;
281;67;864;547;2;64;11;21;30513;;
281;68;774;601;0;32;7;11;4383;;
281;69;798;587;1;43;16;13;6451;;
282;0;876;203;0;68;11;27;62208;;
282;1;963;247;0;60;21;19;28680;;
282;2;998;281;0;84;11;11;4383;;
282;3;902;310;0;103;12;12;20211;;
282;4;976;337;0;54;24;18;7475;;
282;5;836;390;0;72;12;12;35287;;
282;6;824;426;0;102;11;14;382;;
282;7;855;533;0;56;5;14;6007;;
282;8;694;580;0;81;13;12;50995;;
282;9;654;602;1;81;7;12;9838;;
282;12;843;707;0;101;21;24;52225;;
282;13;611;827;0;53;5;17;26222;;
282;14;727;822;0;30;6;12;10087;;
282;15;781;803;0;79;8;10;21791;;
282;16;576;897;0;57;20;19;14472;;
282;17;667;960;0;74;16;12;6002;;
282;19;764;934;0;78;20;19;6280;;
282;20;785;666;0;11;15;16;12575;;
282;53;875;228;3;93;13;35;8327;;
282;59;542;890;2;67;20;20;34827;;
282;61;856;567;4;92;12;22;12303;;
282;62;786;589;1;10;28;15;5624;;
282;63;795;859;0;20;6;19;60556;;
282;66;764;692;1;26;9;18;4383;;
282;67;864;547;3;64;11;21;30513;;
282;68;775;601;0;40;8;10;4383;;
282;69;799;585;0;52;7;14;13118;;
283;0;885;212;0;56;21;18;61704;;
283;1;963;248;0;52;21;18;28684;;
283;2;998;282;0;89;11;13;1918;;
283;3;901;310;0;97;12;12;20211;;
283;4;976;337;0;66;23;19;7443;;
283;5;835;388;0;74;13;11;35223;;
283;6;825;427;0;111;11;14;382;;
283;7;855;533;1;56;5;14;6007;;
283;8;694;579;0;83;13;14;50999;;
283;9;654;602;2;81;7;12;9838;;
283;12;843;706;0;103;21;24;52225;;
283;13;611;827;0;61;4;18;9838;;
283;14;727;822;0;34;5;12;26214;;
283;15;781;803;0;88;10;10;20767;;
283;16;576;898;0;55;20;20;6280;;
283;17;662;960;0;75;17;13;1906;;
283;19;764;934;0;80;20;18;6280;;
283;20;782;667;0;20;15;17;4383;;
283;53;875;228;4;93;13;35;8327;;
283;59;542;890;0;64;20;20;34819;;
283;61;856;567;5;92;12;22;12303;;
283;62;786;589;2;10;28;15;5624;;
283;63;795;859;0;12;5;19;51406;;
283;66;764;692;2;26;9;18;4383;;
283;67;864;547;4;64;11;21;30513;;
283;68;775;601;1;40;8;10;4383;;
283;69;798;584;0;54;6;14;29502;;
284;0;876;202;0;66;10;28;62208;;
284;1;963;248;0;48;15;18;12559;;
284;2;999;282;0;89;11;11;4383;;
284;3;902;310;0;97;12;11;20339;;
284;4;975;337;0;49;22;17;7441;;
284;5;840;388;0;68;11;12;34975;;
284;6;824;426;0;99;11;11;4383;;
284;7;854;532;0;65;9;15;22391;;
284;8;694;580;0;89;13;14;18231;;
284;9;654;602;0;78;7;12;9830;;
284;12;843;706;0;93;21;24;52225;;
284;13;611;827;0;47;4;18;26222;;
284;14;727;822;0;30;11;11;4383;;
284;15;780;804;0;87;9;10;4383;;
284;16;576;897;0;53;19;19;4492;;
284;17;662;961;0;77;15;12;4915;;
284;19;763;934;0;90;19;18;6349;;
284;20;782;667;1;20;15;17;4383;;
284;53;875;228;5;93;13;35;8327;;
284;59;542;890;1;64;20;20;34819;;
284;61;856;567;6;92;12;22;12303;;
284;62;786;589;3;10;28;15;5624;;
284;63;795;859;0;16;5;18;60620;;
284;66;764;692;3;26;9;18;4383;;
284;67;864;547;5;64;11;21;30513;;
284;68;775;601;2;40;8;10;4383;;
284;69;797;586;0;50;7;13;13102;;
285;0;885;212;0;58;21;18;28936;;
285;1;963;248;0;46;15;18;12559;;
285;2;998;281;0;88;11;10;4383;;
285;3;901;310;0;102;11;11;371;;
285;4;976;337;0;58;22;18;6417;;
285;5;839;389;0;66;12;14;35223;;
285;6;824;426;0;94;11;13;382;;
285;7;854;532;0;50;5;12;30583;;
285;8;694;582;0;79;12;13;26391;;
285;9;654;602;0;80;8;11;4383;;
285;12;843;706;0;84;20;24;52225;;
285;13;611;827;0;47;4;16;28398;;
285;14;729;822;0;48;12;12;25958;;
285;15;781;804;0;95;10;11;20767;;
285;16;576;898;0;51;19;19;4236;;
285;17;666;961;0;72;16;12;6002;;
285;19;763;934;1;90;19;18;6349;;
285;20;782;666;0;33;23;16;4891;;
285;53;874;229;0;85;13;35;8199;;
285;59;542;890;2;64;20;20;34819;;
285;61;850;570;0;69;10;10;4447;;
285;62;786;589;4;10;28;15;5624;;
285;63;795;859;1;16;5;18;60620;;
285;66;764;692;4;26;9;18;4383;;
285;67;864;547;6;64;11;21;30513;;
285;68;775;601;0;25;8;10;4383;;
285;69;798;586;0;45;6;12;13166;;
286;0;876;202;0;67;11;28;62208;;
286;1;963;247;0;57;21;19;28684;;
286;2;998;281;0;84;10;11;4383;;
286;3;901;310;0;103;13;11;18291;;
286;4;976;337;0;53;24;18;7475;;
286;5;836;388;0;71;13;14;35223;;
286;6;824;426;0;94;11;13;382;;
286;7;855;531;0;58;4;19;1655;;
286;8;695;583;0;85;10;14;26423;;
286;9;654;602;0;81;7;12;26214;;
286;12;847;708;0;90;21;25;52225;;
286;13;611;827;0;55;7;17;9830;;
286;14;728;822;0;30;7;11;4383;;
286;15;780;804;0;93;9;11;4383;;
286;16;576;897;0;57;20;19;6280;;
286;17;663;961;0;71;16;12;6000;;
286;19;763;934;2;90;19;18;6349;;
286;20;782;666;0;20;18;15;4381;;
286;53;874;229;1;85;13;35;8199;;
286;59;542;891;0;66;20;21;34827;;
286;61;853;568;0;71;11;15;4415;;
286;62;786;589;5;10;28;15;5624;;
286;63;795;859;0;15;5;17;59596;;
286;66;764;692;5;26;9;18;4383;;
286;67;864;547;7;64;11;21;30513;;
286;68;775;601;1;25;8;10;4383;;
286;69;799;586;0;52;7;13;12910;;
287;0;885;212;0;53;20;19;29192;;
287;1;962;247;0;58;20;19;28684;;
287;2;998;282;0;85;11;11;4415;;
287;3;901;310;0;98;12;11;52851;;
287;4;976;337;0;51;10;18;12311;;
287;5;836;389;0;75;13;12;35287;;
287;6;823;426;0;94;10;14;382;;
287;7;855;533;0;54;5;13;30579;;
287;8;696;583;0;95;9;15;26423;;
287;9;655;603;0;74;7;11;4383;;
287;12;843;706;0;92;21;24;52225;;
287;13;610;827;0;67;6;17;26222;;
287;14;728;821;0;52;12;11;28134;;
287;15;780;804;0;83;9;11;4383;;
287;16;576;897;1;57;20;19;6280;;
287;17;662;960;0;85;17;13;33650;;
287;19;763;934;3;90;19;18;6349;;
287;20;782;666;1;20;18;15;4381;;
287;53;874;229;0;84;12;35;7;;
287;59;542;891;1;66;20;21;34827;;
287;61;853;568;1;71;11;15;4415;;
287;62;784;588;0;22;28;17;6136;;
287;63;795;859;0;18;5;21;52428;;
287;66;764;692;6;26;9;18;4383;;
287;67;864;547;8;64;11;21;30513;;
287;68;775;601;2;25;8;10;4383;;
287;69;799;586;1;52;7;13;12910;;
